[-1,-1.025,0.880194] [-1,-1.025,0.2] [-1,-1.369131,0.880194]
[-1,-1.369131,0.880194] [-1,-1.025,0.2] [-1,-1.6,0.5]
[-1,-1.6,0.5] [-1,-1.025,0.2] [-1,-1.6,0.2]
[-0.1,-1.025,0.2] [-0.1,-1.6,0.2] [-1,-1.025,0.2]
[-1,-1.025,0.2] [-0.1,-1.6,0.2] [-1,-1.6,0.2]
[-1,-1.025,0.880194] [-1,-1.369131,0.880194] [-0.1,-1.025,0.880194]
[-0.1,-1.025,0.880194] [-1,-1.369131,0.880194] [-0.1,-1.369131,0.880194]
[-0.1,-1.6,0.5] [-0.1,-1.369131,0.880194] [-1,-1.6,0.5]
[-1,-1.6,0.5] [-0.1,-1.369131,0.880194] [-1,-1.369131,0.880194]
[-0.1,-1.6,0.2] [-0.1,-1.6,0.5] [-1,-1.6,0.2]
[-1,-1.6,0.2] [-0.1,-1.6,0.5] [-1,-1.6,0.5]
[-0.1,-1.025,0.880194] [-0.1,-1.369131,0.880194] [-0.1,-1.025,0.2]
[-0.1,-1.025,0.2] [-0.1,-1.369131,0.880194] [-0.1,-1.6,0.5]
[-0.1,-1.025,0.2] [-0.1,-1.6,0.5] [-0.1,-1.6,0.2]
[-0.1,1.025,0.880194] [-0.1,1.025,0.2] [-0.1,1.369131,0.880194]
[-0.1,1.369131,0.880194] [-0.1,1.025,0.2] [-0.1,1.6,0.5]
[-0.1,1.6,0.5] [-0.1,1.025,0.2] [-0.1,1.6,0.2]
[-1,1.025,0.2] [-1,1.6,0.2] [-0.1,1.025,0.2]
[-0.1,1.025,0.2] [-1,1.6,0.2] [-0.1,1.6,0.2]
[-0.1,1.025,0.880194] [-0.1,1.369131,0.880194] [-1,1.025,0.880194]
[-1,1.025,0.880194] [-0.1,1.369131,0.880194] [-1,1.369131,0.880194]
[-0.1,1.6,0.5] [-0.1,1.6,0.2] [-1,1.6,0.5]
[-1,1.6,0.5] [-0.1,1.6,0.2] [-1,1.6,0.2]
[-0.1,1.369131,0.880194] [-0.1,1.6,0.5] [-1,1.369131,0.880194]
[-1,1.369131,0.880194] [-0.1,1.6,0.5] [-1,1.6,0.5]
[-1,1.025,0.880194] [-1,1.369131,0.880194] [-1,1.025,0.2]
[-1,1.025,0.2] [-1,1.369131,0.880194] [-1,1.6,0.5]
[-1,1.025,0.2] [-1,1.6,0.5] [-1,1.6,0.2]
[-0.99509,-0.4,2.6] [-1,-0.401612,2.59532] [-1,-0.4,2.6]
[-0.7,-0.45,2.45479] [-0.7,-0.484887,2.35347] [-1,-0.45,2.45479]
[-1,-0.45,2.45479] [-0.7,-0.484887,2.35347] [-1,-0.484887,2.35347]
[-0.99509,0.4,2.6] [-0.94166,0.34907,2.65093] [-1,0.4,2.6]
[-1,0.4,2.6] [-0.94166,0.34907,2.65093] [-1,0.3,2.7]
[-1,0.3,2.7] [-0.94166,0.34907,2.65093] [-0.7,0.3,2.7]
[-0.7,0.3,2.7] [-0.94166,0.34907,2.65093] [-0.7,0.34907,2.65093]
[-1,0.45,2.45479] [-1,0.484887,2.35347] [-0.7,0.45,2.45479]
[-0.7,0.45,2.45479] [-1,0.484887,2.35347] [-0.7,0.484887,2.35347]
[-0.99509,0.1,2.6] [-0.99509,-0.1,2.6] [-1,0.1,2.6]
[-1,0.1,2.6] [-0.99509,-0.1,2.6] [-1,-0.1,2.6]
[-0.99509,-0.1,2.6] [-0.94166,-0.20186,2.65093] [-1,-0.1,2.6]
[-1,-0.1,2.6] [-0.94166,-0.20186,2.65093] [-1,-0.3,2.7]
[-1,-0.3,2.7] [-0.94166,-0.20186,2.65093] [-0.7,-0.3,2.7]
[-0.7,-0.3,2.7] [-0.94166,-0.20186,2.65093] [-0.7,-0.20186,2.65093]
[-0.7,0.045315,2.718847] [-0.7,0.028907,2.710743] [-0.7,0.024781,2.692927]
[-0.7,0.024781,2.692927] [-0.7,0.028907,2.710743] [-0.7,-0.028907,2.710743]
[-0.7,0.024781,2.692927] [-0.7,-0.028907,2.710743] [-0.7,-0.024781,2.692927]
[-0.7,-0.024781,2.692927] [-0.7,-0.028907,2.710743] [-0.7,-0.045315,2.718847]
[-0.7,0.45,2.65093] [-0.7,0.440054,2.68818] [-0.7,0.34907,2.65093]
[-0.7,0.34907,2.65093] [-0.7,0.440054,2.68818] [-0.7,0.35,2.734174]
[-0.7,0.34907,2.65093] [-0.7,0.35,2.734174] [-0.7,0.3,2.7]
[-0.7,0.3,2.7] [-0.7,0.35,2.734174] [-0.7,0.161704,2.734174]
[-0.7,0.3,2.7] [-0.7,0.161704,2.734174] [-0.7,0.20186,2.65093]
[-0.7,0.20186,2.65093] [-0.7,0.161704,2.734174] [-0.7,0.095757,2.65093]
[-0.7,0.440054,2.68818] [-0.7,0.45,2.65093] [-0.7,0.498591,2.517944]
[-0.7,0.498591,2.517944] [-0.7,0.45,2.65093] [-0.7,0.45,2.45479]
[-0.7,0.498591,2.517944] [-0.7,0.45,2.45479] [-0.7,0.484887,2.35347]
[-0.7,0.498591,2.517944] [-0.7,0.484887,2.35347] [-0.7,0.498591,1.933015]
[-0.7,0.498591,1.933015] [-0.7,0.484887,2.35347] [-0.7,0.469775,1.5]
[-0.7,0.498591,1.933015] [-0.7,0.469775,1.5] [-0.7,0.5,1.773762]
[-0.7,0.5,1.773762] [-0.7,0.469775,1.5] [-0.7,0.5,1.5]
[-0.7,0.5,1.773762] [-0.7,0.5,1.5] [-0.7,0.51,1.5]
[-0.7,0.51,1.5] [-0.7,0.526847,1.773762] [-0.7,0.5,1.773762]
[-0.7,-0.484887,2.35347] [-0.7,-0.45,2.45479] [-0.7,-0.498591,2.517944]
[-0.7,-0.498591,2.517944] [-0.7,-0.45,2.45479] [-0.7,-0.45,2.65093]
[-0.7,-0.498591,2.517944] [-0.7,-0.45,2.65093] [-0.7,-0.440054,2.68818]
[-0.7,-0.440054,2.68818] [-0.7,-0.45,2.65093] [-0.7,-0.34907,2.65093]
[-0.7,-0.440054,2.68818] [-0.7,-0.34907,2.65093] [-0.7,-0.35,2.734174]
[-0.7,-0.35,2.734174] [-0.7,-0.34907,2.65093] [-0.7,-0.3,2.7]
[-0.7,-0.35,2.734174] [-0.7,-0.3,2.7] [-0.7,-0.161704,2.734174]
[-0.7,-0.161704,2.734174] [-0.7,-0.3,2.7] [-0.7,-0.20186,2.65093]
[-0.7,-0.161704,2.734174] [-0.7,-0.20186,2.65093] [-0.7,-0.095757,2.65093]
[-0.7,-0.498591,2.517944] [-0.7,-0.498591,1.933015] [-0.7,-0.484887,2.35347]
[-0.7,-0.484887,2.35347] [-0.7,-0.498591,1.933015] [-0.7,-0.469775,1.5]
[-0.7,-0.469775,1.5] [-0.7,-0.498591,1.933015] [-0.7,-0.5,1.773762]
[-0.7,-0.469775,1.5] [-0.7,-0.5,1.773762] [-0.7,-0.5,1.5]
[-0.7,-0.5,1.5] [-0.7,-0.5,1.773762] [-0.7,-0.51,1.5]
[-0.7,-0.51,1.5] [-0.7,-0.5,1.773762] [-0.7,-0.526847,1.773762]
[-0.7,-0.484887,2.35347] [-0.7,-0.469775,1.5] [-1,-0.484887,2.35347]
[-1,-0.484887,2.35347] [-0.7,-0.469775,1.5] [-1,-0.469775,1.5]
[-0.99509,-0.4,2.6] [-1,-0.4,2.6] [-0.94166,-0.34907,2.65093]
[-0.94166,-0.34907,2.65093] [-1,-0.4,2.6] [-1,-0.3,2.7]
[-0.94166,-0.34907,2.65093] [-1,-0.3,2.7] [-0.7,-0.3,2.7]
[-0.7,-0.3,2.7] [-0.7,-0.34907,2.65093] [-0.94166,-0.34907,2.65093]
[-0.99509,0.1,2.6] [-1,0.1,2.6] [-0.94166,0.20186,2.65093]
[-0.94166,0.20186,2.65093] [-1,0.1,2.6] [-1,0.3,2.7]
[-0.94166,0.20186,2.65093] [-1,0.3,2.7] [-0.7,0.3,2.7]
[-0.7,0.3,2.7] [-0.7,0.20186,2.65093] [-0.94166,0.20186,2.65093]
[-1,0.401612,2.59532] [-0.99509,0.4,2.6] [-1,0.4,2.6]
[-0.7,0.469775,1.5] [-0.7,0.484887,2.35347] [-1,0.469775,1.5]
[-1,0.469775,1.5] [-0.7,0.484887,2.35347] [-1,0.484887,2.35347]
[-0.7,0.5,1.5] [-0.7,0.469775,1.5] [-1,0.5,1.5]
[-1,0.5,1.5] [-0.7,0.469775,1.5] [-1,0.469775,1.5]
[-0.7,0.51,1.5] [-0.7,0.5,1.5] [-1,0.51,1.5]
[-1,0.51,1.5] [-0.7,0.5,1.5] [-1,0.5,1.5]
[-0.7,0.51,1.5] [-1,0.51,1.5] [-0.7,0.526847,1.773762]
[-0.7,0.526847,1.773762] [-1,0.51,1.5] [-1,0.55,2.15]
[-0.7,0.526847,1.773762] [-1,0.55,2.15] [-0.7,0.55,2.15]
[-0.7,0.51,2.621487] [-0.7,0.55,2.15] [-1,0.51,2.621487]
[-1,0.51,2.621487] [-0.7,0.55,2.15] [-1,0.55,2.15]
[-0.7,0.4,2.8] [-0.7,0.51,2.621487] [-1,0.4,2.8]
[-1,0.4,2.8] [-0.7,0.51,2.621487] [-1,0.51,2.621487]
[-0.7,0.170141,2.780499] [-0.7,0.4,2.8] [-1,0.170141,2.780499]
[-1,0.170141,2.780499] [-0.7,0.4,2.8] [-1,0.4,2.8]
[-0.7,0.170141,2.780499] [-1,0.170141,2.780499] [-0.7,0.045315,2.718847]
[-0.7,0.045315,2.718847] [-1,0.170141,2.780499] [-1,0.028907,2.710743]
[-0.7,0.045315,2.718847] [-1,0.028907,2.710743] [-0.7,0.028907,2.710743]
[-0.7,-0.028907,2.710743] [-0.7,0.028907,2.710743] [-1,-0.028907,2.710743]
[-1,-0.028907,2.710743] [-0.7,0.028907,2.710743] [-1,0.028907,2.710743]
[-0.7,-0.170141,2.780499] [-0.7,-0.045315,2.718847] [-1,-0.170141,2.780499]
[-1,-0.170141,2.780499] [-0.7,-0.045315,2.718847] [-1,-0.028907,2.710743]
[-1,-0.028907,2.710743] [-0.7,-0.045315,2.718847] [-0.7,-0.028907,2.710743]
[-0.7,-0.4,2.8] [-0.7,-0.170141,2.780499] [-1,-0.4,2.8]
[-1,-0.4,2.8] [-0.7,-0.170141,2.780499] [-1,-0.170141,2.780499]
[-0.7,-0.51,2.621487] [-0.7,-0.4,2.8] [-1,-0.51,2.621487]
[-1,-0.51,2.621487] [-0.7,-0.4,2.8] [-1,-0.4,2.8]
[-0.7,-0.55,2.15] [-0.7,-0.51,2.621487] [-1,-0.55,2.15]
[-1,-0.55,2.15] [-0.7,-0.51,2.621487] [-1,-0.51,2.621487]
[-0.7,-0.51,1.5] [-0.7,-0.526847,1.773762] [-1,-0.51,1.5]
[-1,-0.51,1.5] [-0.7,-0.526847,1.773762] [-1,-0.55,2.15]
[-1,-0.55,2.15] [-0.7,-0.526847,1.773762] [-0.7,-0.55,2.15]
[-0.7,-0.5,1.5] [-0.7,-0.51,1.5] [-1,-0.5,1.5]
[-1,-0.5,1.5] [-0.7,-0.51,1.5] [-1,-0.51,1.5]
[-0.7,-0.469775,1.5] [-0.7,-0.5,1.5] [-1,-0.469775,1.5]
[-1,-0.469775,1.5] [-0.7,-0.5,1.5] [-1,-0.5,1.5]
[-1,-0.45,2.45479] [-1,-0.51,2.621487] [-1,-0.45,2.59532]
[-1,-0.45,2.59532] [-1,-0.51,2.621487] [-1,-0.4,2.8]
[-1,-0.45,2.59532] [-1,-0.4,2.8] [-1,-0.4,2.6]
[-1,-0.4,2.6] [-1,-0.4,2.8] [-1,-0.3,2.7]
[-1,-0.3,2.7] [-1,-0.4,2.8] [-1,-0.170141,2.780499]
[-1,-0.3,2.7] [-1,-0.170141,2.780499] [-1,-0.1,2.6]
[-1,-0.1,2.6] [-1,-0.170141,2.780499] [-1,-0.028907,2.710743]
[-1,-0.1,2.6] [-1,-0.028907,2.710743] [-1,0.028907,2.710743]
[-1,-0.45,2.45479] [-1,-0.484887,2.35347] [-1,-0.51,2.621487]
[-1,-0.51,2.621487] [-1,-0.484887,2.35347] [-1,-0.55,2.15]
[-1,-0.55,2.15] [-1,-0.484887,2.35347] [-1,-0.469775,1.5]
[-1,-0.55,2.15] [-1,-0.469775,1.5] [-1,-0.5,1.5]
[-1,-0.5,1.5] [-1,-0.51,1.5] [-1,-0.55,2.15]
[-1,-0.1,2.6] [-1,0.028907,2.710743] [-1,0.1,2.6]
[-1,0.1,2.6] [-1,0.028907,2.710743] [-1,0.170141,2.780499]
[-1,0.1,2.6] [-1,0.170141,2.780499] [-1,0.3,2.7]
[-1,0.3,2.7] [-1,0.170141,2.780499] [-1,0.4,2.8]
[-1,0.3,2.7] [-1,0.4,2.8] [-1,0.4,2.6]
[-1,0.4,2.6] [-1,0.4,2.8] [-1,0.45,2.59532]
[-1,0.4,2.6] [-1,0.45,2.59532] [-1,0.401612,2.59532]
[-1,0.4,2.8] [-1,0.51,2.621487] [-1,0.45,2.59532]
[-1,0.45,2.59532] [-1,0.51,2.621487] [-1,0.45,2.45479]
[-1,0.45,2.45479] [-1,0.51,2.621487] [-1,0.484887,2.35347]
[-1,0.484887,2.35347] [-1,0.51,2.621487] [-1,0.55,2.15]
[-1,0.484887,2.35347] [-1,0.55,2.15] [-1,0.469775,1.5]
[-1,0.469775,1.5] [-1,0.55,2.15] [-1,0.5,1.5]
[-1,0.5,1.5] [-1,0.55,2.15] [-1,0.51,1.5]
[-1,-0.4,2.6] [-1,-0.401612,2.59532] [-1,-0.45,2.59532]
[-0.7,-0.045315,2.718847] [-0.7,-0.170141,2.780499] [-0.7,-0.12219,2.815887]
[-0.7,-0.12219,2.815887] [-0.7,-0.170141,2.780499] [-0.7,-0.369659,2.815887]
[-0.7,-0.369659,2.815887] [-0.7,-0.170141,2.780499] [-0.7,-0.4,2.8]
[-0.7,-0.369659,2.815887] [-0.7,-0.4,2.8] [-0.7,-0.506599,2.745947]
[-0.7,-0.506599,2.745947] [-0.7,-0.4,2.8] [-0.7,-0.51,2.621487]
[-0.7,-0.506599,2.745947] [-0.7,-0.51,2.621487] [-0.7,-0.580304,2.531601]
[-0.7,-0.580304,2.531601] [-0.7,-0.51,2.621487] [-0.7,-0.55,2.15]
[-0.7,-0.580304,2.531601] [-0.7,-0.55,2.15] [-0.7,-0.580304,1.773762]
[-0.7,-0.580304,1.773762] [-0.7,-0.55,2.15] [-0.7,-0.526847,1.773762]
[-1,-0.45,2.59532] [-1,-0.401612,2.59532] [-1.1,-0.45,2.5]
[-1.1,-0.45,2.5] [-1,-0.401612,2.59532] [-0.99509,-0.1,2.6]
[-1.1,-0.45,2.5] [-0.99509,-0.1,2.6] [-0.99509,0.1,2.6]
[-1,-0.401612,2.59532] [-0.99509,-0.4,2.6] [-0.99509,-0.1,2.6]
[-0.99509,-0.1,2.6] [-0.99509,-0.4,2.6] [-0.94166,-0.20186,2.65093]
[-0.94166,-0.20186,2.65093] [-0.99509,-0.4,2.6] [-0.94166,-0.34907,2.65093]
[-0.94166,0.20186,2.65093] [-0.99509,0.4,2.6] [-0.99509,0.1,2.6]
[-0.99509,0.1,2.6] [-0.99509,0.4,2.6] [-1,0.401612,2.59532]
[-0.99509,0.1,2.6] [-1,0.401612,2.59532] [-1.1,0.45,2.5]
[-1.1,0.45,2.5] [-1,0.401612,2.59532] [-1,0.45,2.59532]
[-0.94166,0.20186,2.65093] [-0.94166,0.34907,2.65093] [-0.99509,0.4,2.6]
[-1.1,0.45,2.5] [-1.1,-0.45,2.5] [-0.99509,0.1,2.6]
[-0.94166,0.34907,2.65093] [-0.7,0.20186,2.65093] [-0.7,0.34907,2.65093]
[-0.7,0.34907,2.65093] [-0.7,0.20186,2.65093] [-0.3,0.380693,2.65093]
[-0.7,0.34907,2.65093] [-0.3,0.380693,2.65093] [-0.7,0.45,2.65093]
[-0.7,0.45,2.65093] [-0.3,0.380693,2.65093] [-0.3,0.45,2.65093]
[-0.94166,0.34907,2.65093] [-0.94166,0.20186,2.65093] [-0.7,0.20186,2.65093]
[-0.3,0.380693,2.65093] [-0.7,0.20186,2.65093] [-0.3,0.115633,2.65093]
[-0.3,0.115633,2.65093] [-0.7,0.20186,2.65093] [-0.7,0.095757,2.65093]
[-0.3,0.115633,2.65093] [-0.7,0.095757,2.65093] [-0.3,0.095757,2.65093]
[-0.3,0.115633,2.65093] [-0.104786,0.115633,2.65093] [-0.3,0.380693,2.65093]
[-0.3,0.380693,2.65093] [-0.104786,0.115633,2.65093] [-0.104786,0.380693,2.65093]
[-0.3,-0.095757,2.65093] [-0.3,-0.161704,2.734174] [-0.7,-0.095757,2.65093]
[-0.7,-0.095757,2.65093] [-0.3,-0.161704,2.734174] [-0.7,-0.161704,2.734174]
[-0.3,-0.498591,2.2] [-0.3,-0.540391,2.2] [-0.3,-0.498591,1.933015]
[-0.3,-0.498591,1.933015] [-0.3,-0.540391,2.2] [-0.3,-0.580304,1.773762]
[-0.3,-0.498591,1.933015] [-0.3,-0.580304,1.773762] [-0.3,-0.5,1.773762]
[-0.3,-0.580304,1.773762] [-0.3,-0.540391,2.2] [-0.3,-0.580304,2.531601]
[-0.3,-0.580304,2.531601] [-0.3,-0.540391,2.2] [-0.3,-0.540391,2.561754]
[-0.3,-0.580304,2.531601] [-0.3,-0.540391,2.561754] [-0.3,-0.506599,2.745947]
[-0.3,-0.506599,2.745947] [-0.3,-0.540391,2.561754] [-0.3,-0.46465,2.685954]
[-0.3,-0.506599,2.745947] [-0.3,-0.46465,2.685954] [-0.3,-0.369659,2.815887]
[-0.3,-0.369659,2.815887] [-0.3,-0.46465,2.685954] [-0.3,-0.332104,2.79301]
[-0.3,-0.369659,2.815887] [-0.3,-0.332104,2.79301] [-0.3,-0.12219,2.815887]
[-0.3,-0.12219,2.815887] [-0.3,-0.332104,2.79301] [-0.3,-0.14688,2.79301]
[-0.3,-0.12219,2.815887] [-0.3,-0.14688,2.79301] [-0.3,-0.024781,2.692927]
[-0.3,-0.024781,2.692927] [-0.3,-0.14688,2.79301] [-0.3,-0.000955,2.65093]
[-0.3,-0.024781,2.692927] [-0.3,-0.000955,2.65093] [-0.3,0.000955,2.65093]
[-0.3,-0.024781,2.692927] [-0.3,0.000955,2.65093] [-0.3,0.024781,2.692927]
[-0.3,0.024781,2.692927] [-0.3,0.000955,2.65093] [-0.3,0.14688,2.79301]
[-0.3,0.024781,2.692927] [-0.3,0.14688,2.79301] [-0.3,0.12219,2.815887]
[-0.3,0.12219,2.815887] [-0.3,0.14688,2.79301] [-0.3,0.332104,2.79301]
[-0.3,0.12219,2.815887] [-0.3,0.332104,2.79301] [-0.3,0.369659,2.815887]
[-0.3,0.369659,2.815887] [-0.3,0.332104,2.79301] [-0.3,0.46465,2.685954]
[-0.3,0.369659,2.815887] [-0.3,0.46465,2.685954] [-0.3,0.506599,2.745947]
[-0.3,0.506599,2.745947] [-0.3,0.46465,2.685954] [-0.3,0.540391,2.561754]
[-0.3,0.506599,2.745947] [-0.3,0.540391,2.561754] [-0.3,0.580304,2.531601]
[-0.3,0.580304,2.531601] [-0.3,0.540391,2.561754] [-0.3,0.540391,2.2]
[-0.3,0.580304,2.531601] [-0.3,0.540391,2.2] [-0.3,0.580304,1.773762]
[-0.3,0.580304,1.773762] [-0.3,0.540391,2.2] [-0.3,0.498591,1.933015]
[-0.3,0.580304,1.773762] [-0.3,0.498591,1.933015] [-0.3,0.5,1.773762]
[-0.3,0.540391,2.2] [-0.3,0.498591,2.2] [-0.3,0.498591,1.933015]
[-0.7,0.045315,2.718847] [-0.7,0.12219,2.815887] [-0.7,0.170141,2.780499]
[-0.7,0.170141,2.780499] [-0.7,0.12219,2.815887] [-0.7,0.369659,2.815887]
[-0.7,0.170141,2.780499] [-0.7,0.369659,2.815887] [-0.7,0.4,2.8]
[-0.7,0.4,2.8] [-0.7,0.369659,2.815887] [-0.7,0.506599,2.745947]
[-0.7,0.4,2.8] [-0.7,0.506599,2.745947] [-0.7,0.51,2.621487]
[-0.7,0.51,2.621487] [-0.7,0.506599,2.745947] [-0.7,0.580304,2.531601]
[-0.7,0.51,2.621487] [-0.7,0.580304,2.531601] [-0.7,0.55,2.15]
[-0.7,0.55,2.15] [-0.7,0.580304,2.531601] [-0.7,0.580304,1.773762]
[-0.7,0.55,2.15] [-0.7,0.580304,1.773762] [-0.7,0.526847,1.773762]
[-0.3,-0.161704,2.734174] [-0.3,-0.35,2.734174] [-0.7,-0.161704,2.734174]
[-0.7,-0.161704,2.734174] [-0.3,-0.35,2.734174] [-0.7,-0.35,2.734174]
[-0.3,-0.35,2.734174] [-0.3,-0.440054,2.68818] [-0.7,-0.35,2.734174]
[-0.7,-0.35,2.734174] [-0.3,-0.440054,2.68818] [-0.7,-0.440054,2.68818]
[-0.3,-0.440054,2.68818] [-0.3,-0.498591,2.517944] [-0.7,-0.440054,2.68818]
[-0.7,-0.440054,2.68818] [-0.3,-0.498591,2.517944] [-0.7,-0.498591,2.517944]
[-0.3,-0.498591,2.517944] [-0.3,-0.498591,2.2] [-0.7,-0.498591,2.517944]
[-0.7,-0.498591,2.517944] [-0.3,-0.498591,2.2] [-0.7,-0.498591,1.933015]
[-0.7,-0.498591,1.933015] [-0.3,-0.498591,2.2] [-0.3,-0.498591,1.933015]
[-0.3,-0.498591,1.933015] [-0.3,-0.5,1.773762] [-0.7,-0.498591,1.933015]
[-0.7,-0.498591,1.933015] [-0.3,-0.5,1.773762] [-0.7,-0.5,1.773762]
[-0.7,-0.5,1.773762] [-0.3,-0.5,1.773762] [-0.7,-0.526847,1.773762]
[-0.7,-0.526847,1.773762] [-0.3,-0.5,1.773762] [-0.3,-0.580304,1.773762]
[-0.7,-0.526847,1.773762] [-0.3,-0.580304,1.773762] [-0.7,-0.580304,1.773762]
[-0.3,-0.580304,1.773762] [-0.3,-0.580304,2.531601] [-0.7,-0.580304,1.773762]
[-0.7,-0.580304,1.773762] [-0.3,-0.580304,2.531601] [-0.7,-0.580304,2.531601]
[-0.3,-0.580304,2.531601] [-0.3,-0.506599,2.745947] [-0.7,-0.580304,2.531601]
[-0.7,-0.580304,2.531601] [-0.3,-0.506599,2.745947] [-0.7,-0.506599,2.745947]
[-0.3,-0.506599,2.745947] [-0.3,-0.369659,2.815887] [-0.7,-0.506599,2.745947]
[-0.7,-0.506599,2.745947] [-0.3,-0.369659,2.815887] [-0.7,-0.369659,2.815887]
[-0.3,-0.369659,2.815887] [-0.3,-0.12219,2.815887] [-0.7,-0.369659,2.815887]
[-0.7,-0.369659,2.815887] [-0.3,-0.12219,2.815887] [-0.7,-0.12219,2.815887]
[-0.7,-0.12219,2.815887] [-0.3,-0.12219,2.815887] [-0.7,-0.045315,2.718847]
[-0.7,-0.045315,2.718847] [-0.3,-0.12219,2.815887] [-0.3,-0.024781,2.692927]
[-0.7,-0.045315,2.718847] [-0.3,-0.024781,2.692927] [-0.7,-0.024781,2.692927]
[-0.3,-0.024781,2.692927] [-0.3,0.024781,2.692927] [-0.7,-0.024781,2.692927]
[-0.7,-0.024781,2.692927] [-0.3,0.024781,2.692927] [-0.7,0.024781,2.692927]
[-0.7,0.024781,2.692927] [-0.3,0.024781,2.692927] [-0.7,0.045315,2.718847]
[-0.7,0.045315,2.718847] [-0.3,0.024781,2.692927] [-0.3,0.12219,2.815887]
[-0.7,0.045315,2.718847] [-0.3,0.12219,2.815887] [-0.7,0.12219,2.815887]
[-0.3,0.12219,2.815887] [-0.3,0.369659,2.815887] [-0.7,0.12219,2.815887]
[-0.7,0.12219,2.815887] [-0.3,0.369659,2.815887] [-0.7,0.369659,2.815887]
[-0.3,0.369659,2.815887] [-0.3,0.506599,2.745947] [-0.7,0.369659,2.815887]
[-0.7,0.369659,2.815887] [-0.3,0.506599,2.745947] [-0.7,0.506599,2.745947]
[-0.3,0.506599,2.745947] [-0.3,0.580304,2.531601] [-0.7,0.506599,2.745947]
[-0.7,0.506599,2.745947] [-0.3,0.580304,2.531601] [-0.7,0.580304,2.531601]
[-0.3,0.580304,2.531601] [-0.3,0.580304,1.773762] [-0.7,0.580304,2.531601]
[-0.7,0.580304,2.531601] [-0.3,0.580304,1.773762] [-0.7,0.580304,1.773762]
[-0.7,0.580304,1.773762] [-0.3,0.580304,1.773762] [-0.7,0.526847,1.773762]
[-0.7,0.526847,1.773762] [-0.3,0.580304,1.773762] [-0.3,0.5,1.773762]
[-0.7,0.526847,1.773762] [-0.3,0.5,1.773762] [-0.7,0.5,1.773762]
[-0.3,0.5,1.773762] [-0.3,0.498591,1.933015] [-0.7,0.5,1.773762]
[-0.7,0.5,1.773762] [-0.3,0.498591,1.933015] [-0.7,0.498591,1.933015]
[-0.3,0.498591,1.933015] [-0.3,0.498591,2.2] [-0.7,0.498591,1.933015]
[-0.7,0.498591,1.933015] [-0.3,0.498591,2.2] [-0.7,0.498591,2.517944]
[-0.7,0.498591,2.517944] [-0.3,0.498591,2.2] [-0.3,0.498591,2.517944]
[-0.3,0.498591,2.517944] [-0.3,0.440054,2.68818] [-0.7,0.498591,2.517944]
[-0.7,0.498591,2.517944] [-0.3,0.440054,2.68818] [-0.7,0.440054,2.68818]
[-0.3,0.440054,2.68818] [-0.3,0.35,2.734174] [-0.7,0.440054,2.68818]
[-0.7,0.440054,2.68818] [-0.3,0.35,2.734174] [-0.7,0.35,2.734174]
[-0.3,0.35,2.734174] [-0.3,0.161704,2.734174] [-0.7,0.35,2.734174]
[-0.7,0.35,2.734174] [-0.3,0.161704,2.734174] [-0.7,0.161704,2.734174]
[-0.7,0.095757,2.65093] [-0.7,0.161704,2.734174] [-0.3,0.095757,2.65093]
[-0.3,0.095757,2.65093] [-0.7,0.161704,2.734174] [-0.3,0.161704,2.734174]
[-0.3,-0.498591,2.2] [-0.3,-0.498591,2.517944] [-0.3,-0.47,2.2]
[-0.3,-0.47,2.2] [-0.3,-0.498591,2.517944] [-0.3,-0.460391,2.539285]
[-0.3,-0.460391,2.539285] [-0.3,-0.498591,2.517944] [-0.3,-0.45,2.556324]
[-0.3,-0.45,2.556324] [-0.3,-0.498591,2.517944] [-0.3,-0.45,2.65093]
[-0.3,-0.45,2.65093] [-0.3,-0.498591,2.517944] [-0.3,-0.440054,2.68818]
[-0.3,-0.45,2.65093] [-0.3,-0.440054,2.68818] [-0.3,-0.380693,2.65093]
[-0.3,-0.380693,2.65093] [-0.3,-0.440054,2.68818] [-0.3,-0.35,2.734174]
[-0.3,-0.380693,2.65093] [-0.3,-0.35,2.734174] [-0.3,-0.303832,2.71301]
[-0.3,-0.303832,2.71301] [-0.3,-0.35,2.734174] [-0.3,-0.161704,2.734174]
[-0.3,-0.303832,2.71301] [-0.3,-0.161704,2.734174] [-0.3,-0.179393,2.71301]
[-0.3,-0.179393,2.71301] [-0.3,-0.161704,2.734174] [-0.3,-0.115633,2.65093]
[-0.3,-0.115633,2.65093] [-0.3,-0.161704,2.734174] [-0.3,-0.095757,2.65093]
[-0.3,-0.000955,2.65093] [-0.104786,-0.000955,2.65093] [-0.3,0.000955,2.65093]
[-0.3,0.000955,2.65093] [-0.104786,-0.000955,2.65093] [-0.104786,0.000955,2.65093]
[-0.7,-0.45,2.65093] [-0.3,-0.380693,2.65093] [-0.7,-0.34907,2.65093]
[-0.7,-0.34907,2.65093] [-0.3,-0.380693,2.65093] [-0.7,-0.20186,2.65093]
[-0.7,-0.34907,2.65093] [-0.7,-0.20186,2.65093] [-0.94166,-0.20186,2.65093]
[-0.7,-0.45,2.65093] [-0.3,-0.45,2.65093] [-0.3,-0.380693,2.65093]
[-0.7,-0.20186,2.65093] [-0.3,-0.380693,2.65093] [-0.3,-0.115633,2.65093]
[-0.3,-0.115633,2.65093] [-0.3,-0.380693,2.65093] [-0.104786,-0.380693,2.65093]
[-0.3,-0.115633,2.65093] [-0.104786,-0.380693,2.65093] [-0.104786,-0.115633,2.65093]
[-0.3,-0.095757,2.65093] [-0.7,-0.095757,2.65093] [-0.3,-0.115633,2.65093]
[-0.3,-0.115633,2.65093] [-0.7,-0.095757,2.65093] [-0.7,-0.20186,2.65093]
[-0.94166,-0.20186,2.65093] [-0.94166,-0.34907,2.65093] [-0.7,-0.34907,2.65093]
[-0.3,-0.45,2.556324] [-0.1,-0.45,2.556324] [-0.3,-0.460391,2.539285]
[-0.3,-0.460391,2.539285] [-0.1,-0.45,2.556324] [-0.1,-0.460391,2.539285]
[-0.3,0.380693,2.65093] [-0.104786,0.380693,2.65093] [-0.3,0.303832,2.71301]
[-0.3,0.303832,2.71301] [-0.104786,0.380693,2.65093] [-0.1,0.303832,2.71301]
[-0.1,0.303832,2.71301] [-0.104786,0.380693,2.65093] [-0.1,0.386292,2.646408]
[-0.103802,0,2.65] [-0.104786,-0.000955,2.65093] [-0.1,0,2.65]
[-0.1,0,2.65] [-0.104786,-0.000955,2.65093] [-0.1,-0.14688,2.79301]
[-0.1,-0.14688,2.79301] [-0.104786,-0.000955,2.65093] [-0.3,-0.14688,2.79301]
[-0.3,-0.14688,2.79301] [-0.104786,-0.000955,2.65093] [-0.3,-0.000955,2.65093]
[-0.3,0.498591,2.2] [-0.3,0.47,2.2] [-0.3,0.498591,2.517944]
[-0.3,0.498591,2.517944] [-0.3,0.47,2.2] [-0.3,0.460391,2.539285]
[-0.3,0.498591,2.517944] [-0.3,0.460391,2.539285] [-0.3,0.45,2.556324]
[-0.3,0.45,2.556324] [-0.3,0.45,2.65093] [-0.3,0.498591,2.517944]
[-0.3,0.498591,2.517944] [-0.3,0.45,2.65093] [-0.3,0.440054,2.68818]
[-0.3,0.440054,2.68818] [-0.3,0.45,2.65093] [-0.3,0.380693,2.65093]
[-0.3,0.440054,2.68818] [-0.3,0.380693,2.65093] [-0.3,0.35,2.734174]
[-0.3,0.35,2.734174] [-0.3,0.380693,2.65093] [-0.3,0.303832,2.71301]
[-0.3,0.35,2.734174] [-0.3,0.303832,2.71301] [-0.3,0.161704,2.734174]
[-0.3,0.161704,2.734174] [-0.3,0.303832,2.71301] [-0.3,0.179393,2.71301]
[-0.3,0.161704,2.734174] [-0.3,0.179393,2.71301] [-0.3,0.115633,2.65093]
[-0.3,0.115633,2.65093] [-0.3,0.095757,2.65093] [-0.3,0.161704,2.734174]
[-0.3,-0.115633,2.65093] [-0.104786,-0.115633,2.65093] [-0.3,-0.179393,2.71301]
[-0.3,-0.179393,2.71301] [-0.104786,-0.115633,2.65093] [-0.1,-0.179393,2.71301]
[-0.1,-0.179393,2.71301] [-0.104786,-0.115633,2.65093] [-0.1,-0.110988,2.646408]
[-0.1,-0.460391,2.539285] [-0.1,-0.45,2.556324] [-0.1,-0.540391,2.561754]
[-0.1,-0.540391,2.561754] [-0.1,-0.45,2.556324] [-0.1,-0.45,2.646408]
[-0.1,-0.540391,2.561754] [-0.1,-0.45,2.646408] [-0.1,-0.46465,2.685954]
[-0.1,-0.46465,2.685954] [-0.1,-0.45,2.646408] [-0.1,-0.386292,2.646408]
[-0.1,-0.46465,2.685954] [-0.1,-0.386292,2.646408] [-0.1,-0.303832,2.71301]
[-0.1,-0.46465,2.685954] [-0.1,-0.303832,2.71301] [-0.1,-0.332104,2.79301]
[-0.1,-0.332104,2.79301] [-0.1,-0.303832,2.71301] [-0.1,-0.179393,2.71301]
[-0.1,-0.332104,2.79301] [-0.1,-0.179393,2.71301] [-0.1,-0.14688,2.79301]
[-0.1,-0.14688,2.79301] [-0.1,-0.179393,2.71301] [-0.1,0,2.65]
[-0.1,0,2.65] [-0.1,-0.179393,2.71301] [-0.1,-0.110988,2.646408]
[-0.1,0,2.65] [-0.1,-0.110988,2.646408] [-0.1,0.110988,2.646408]
[-0.1,0.110988,2.646408] [-0.1,0.179393,2.71301] [-0.1,0,2.65]
[-0.1,0,2.65] [-0.1,0.179393,2.71301] [-0.1,0.14688,2.79301]
[-0.1,0.14688,2.79301] [-0.1,0.179393,2.71301] [-0.1,0.332104,2.79301]
[-0.1,0.332104,2.79301] [-0.1,0.179393,2.71301] [-0.1,0.303832,2.71301]
[-0.1,0.332104,2.79301] [-0.1,0.303832,2.71301] [-0.1,0.46465,2.685954]
[-0.1,0.46465,2.685954] [-0.1,0.303832,2.71301] [-0.1,0.386292,2.646408]
[-0.1,0.46465,2.685954] [-0.1,0.386292,2.646408] [-0.1,0.45,2.646408]
[-0.1,0.46465,2.685954] [-0.1,0.45,2.646408] [-0.1,0.540391,2.561754]
[-0.1,0.540391,2.561754] [-0.1,0.45,2.646408] [-0.1,0.45,2.556324]
[-0.1,0.540391,2.561754] [-0.1,0.45,2.556324] [-0.1,0.460391,2.539285]
[-0.1,0.47,2.2] [-0.1,0.540391,2.2] [-0.1,0.460391,2.539285]
[-0.1,0.460391,2.539285] [-0.1,0.540391,2.2] [-0.1,0.540391,2.561754]
[-0.1,-0.540391,2.561754] [-0.1,-0.540391,2.2] [-0.1,-0.460391,2.539285]
[-0.1,-0.460391,2.539285] [-0.1,-0.540391,2.2] [-0.1,-0.47,2.2]
[-0.1,-0.179393,2.71301] [-0.1,-0.303832,2.71301] [-0.3,-0.179393,2.71301]
[-0.3,-0.179393,2.71301] [-0.1,-0.303832,2.71301] [-0.3,-0.303832,2.71301]
[-0.3,-0.380693,2.65093] [-0.3,-0.303832,2.71301] [-0.104786,-0.380693,2.65093]
[-0.104786,-0.380693,2.65093] [-0.3,-0.303832,2.71301] [-0.1,-0.303832,2.71301]
[-0.104786,-0.380693,2.65093] [-0.1,-0.303832,2.71301] [-0.1,-0.386292,2.646408]
[-0.1,-0.460391,2.539285] [-0.1,-0.47,2.2] [-0.3,-0.460391,2.539285]
[-0.3,-0.460391,2.539285] [-0.1,-0.47,2.2] [-0.3,-0.47,2.2]
[-0.3,-0.47,2.2] [-0.1,-0.47,2.2] [-0.3,-0.498591,2.2]
[-0.3,-0.498591,2.2] [-0.1,-0.47,2.2] [-0.1,-0.540391,2.2]
[-0.3,-0.498591,2.2] [-0.1,-0.540391,2.2] [-0.3,-0.540391,2.2]
[-0.1,-0.540391,2.2] [-0.1,-0.540391,2.561754] [-0.3,-0.540391,2.2]
[-0.3,-0.540391,2.2] [-0.1,-0.540391,2.561754] [-0.3,-0.540391,2.561754]
[-0.1,-0.540391,2.561754] [-0.1,-0.46465,2.685954] [-0.3,-0.540391,2.561754]
[-0.3,-0.540391,2.561754] [-0.1,-0.46465,2.685954] [-0.3,-0.46465,2.685954]
[-0.1,-0.46465,2.685954] [-0.1,-0.332104,2.79301] [-0.3,-0.46465,2.685954]
[-0.3,-0.46465,2.685954] [-0.1,-0.332104,2.79301] [-0.3,-0.332104,2.79301]
[-0.1,-0.332104,2.79301] [-0.1,-0.14688,2.79301] [-0.3,-0.332104,2.79301]
[-0.3,-0.332104,2.79301] [-0.1,-0.14688,2.79301] [-0.3,-0.14688,2.79301]
[-0.103802,0,2.65] [-0.1,0,2.65] [-0.104786,0.000955,2.65093]
[-0.104786,0.000955,2.65093] [-0.1,0,2.65] [-0.1,0.14688,2.79301]
[-0.104786,0.000955,2.65093] [-0.1,0.14688,2.79301] [-0.3,0.14688,2.79301]
[-0.3,0.14688,2.79301] [-0.3,0.000955,2.65093] [-0.104786,0.000955,2.65093]
[-0.1,0.14688,2.79301] [-0.1,0.332104,2.79301] [-0.3,0.14688,2.79301]
[-0.3,0.14688,2.79301] [-0.1,0.332104,2.79301] [-0.3,0.332104,2.79301]
[-0.1,0.332104,2.79301] [-0.1,0.46465,2.685954] [-0.3,0.332104,2.79301]
[-0.3,0.332104,2.79301] [-0.1,0.46465,2.685954] [-0.3,0.46465,2.685954]
[-0.1,0.46465,2.685954] [-0.1,0.540391,2.561754] [-0.3,0.46465,2.685954]
[-0.3,0.46465,2.685954] [-0.1,0.540391,2.561754] [-0.3,0.540391,2.561754]
[-0.1,0.540391,2.561754] [-0.1,0.540391,2.2] [-0.3,0.540391,2.561754]
[-0.3,0.540391,2.561754] [-0.1,0.540391,2.2] [-0.3,0.540391,2.2]
[-0.3,0.540391,2.2] [-0.1,0.540391,2.2] [-0.3,0.498591,2.2]
[-0.3,0.498591,2.2] [-0.1,0.540391,2.2] [-0.1,0.47,2.2]
[-0.3,0.498591,2.2] [-0.1,0.47,2.2] [-0.3,0.47,2.2]
[-0.1,0.47,2.2] [-0.1,0.460391,2.539285] [-0.3,0.47,2.2]
[-0.3,0.47,2.2] [-0.1,0.460391,2.539285] [-0.3,0.460391,2.539285]
[-0.3,0.45,2.556324] [-0.3,0.460391,2.539285] [-0.1,0.45,2.556324]
[-0.1,0.45,2.556324] [-0.3,0.460391,2.539285] [-0.1,0.460391,2.539285]
[-0.1,0.303832,2.71301] [-0.1,0.179393,2.71301] [-0.3,0.303832,2.71301]
[-0.3,0.303832,2.71301] [-0.1,0.179393,2.71301] [-0.3,0.179393,2.71301]
[-0.3,0.115633,2.65093] [-0.3,0.179393,2.71301] [-0.104786,0.115633,2.65093]
[-0.104786,0.115633,2.65093] [-0.3,0.179393,2.71301] [-0.1,0.179393,2.71301]
[-0.104786,0.115633,2.65093] [-0.1,0.179393,2.71301] [-0.1,0.110988,2.646408]
[-1,-0.45,2.59532] [-1.1,-0.45,2.5] [-1,-0.45,2.45479]
[-1,-0.45,2.45479] [-1.1,-0.45,2.5] [-1.1,-0.45,1.870728]
[-1,-0.45,2.45479] [-1.1,-0.45,1.870728] [-0.7,-0.45,2.45479]
[-0.7,-0.45,2.45479] [-1.1,-0.45,1.870728] [-0.9,-0.45,1.6]
[-0.7,-0.45,2.45479] [-0.9,-0.45,1.6] [-0.4,-0.45,1.6]
[-0.4,-0.45,1.4] [-0.1,-0.45,1.4] [-0.4,-0.45,1.6]
[-0.4,-0.45,1.6] [-0.1,-0.45,1.4] [-0.1,-0.45,2.099583]
[-0.4,-0.45,1.6] [-0.1,-0.45,2.099583] [-0.155206,-0.45,2.223597]
[-0.1,-0.45,2.240124] [-0.1,-0.45,2.556324] [-0.155206,-0.45,2.223597]
[-0.155206,-0.45,2.223597] [-0.1,-0.45,2.556324] [-0.3,-0.45,2.556324]
[-0.155206,-0.45,2.223597] [-0.3,-0.45,2.556324] [-0.7,-0.45,2.45479]
[-0.7,-0.45,2.45479] [-0.3,-0.45,2.556324] [-0.7,-0.45,2.65093]
[-0.7,-0.45,2.65093] [-0.3,-0.45,2.556324] [-0.3,-0.45,2.65093]
[-0.4,-0.45,1.6] [-0.155206,-0.45,2.223597] [-0.7,-0.45,2.45479]
[-0.7,0.45,2.65093] [-0.3,0.45,2.556324] [-0.7,0.45,2.45479]
[-0.7,0.45,2.45479] [-0.3,0.45,2.556324] [-0.155206,0.45,2.223597]
[-0.7,0.45,2.45479] [-0.155206,0.45,2.223597] [-0.4,0.45,1.6]
[-0.4,0.45,1.6] [-0.155206,0.45,2.223597] [-0.1,0.45,2.099583]
[-0.4,0.45,1.6] [-0.1,0.45,2.099583] [-0.1,0.45,1.4]
[-0.7,0.45,2.65093] [-0.3,0.45,2.65093] [-0.3,0.45,2.556324]
[-0.3,0.45,2.556324] [-0.1,0.45,2.556324] [-0.155206,0.45,2.223597]
[-0.155206,0.45,2.223597] [-0.1,0.45,2.556324] [-0.1,0.45,2.240124]
[-0.1,0.45,1.4] [-0.4,0.45,1.4] [-0.4,0.45,1.6]
[-0.4,0.45,1.6] [-0.9,0.45,1.6] [-0.7,0.45,2.45479]
[-0.7,0.45,2.45479] [-0.9,0.45,1.6] [-1.1,0.45,1.870728]
[-0.7,0.45,2.45479] [-1.1,0.45,1.870728] [-1,0.45,2.45479]
[-1,0.45,2.45479] [-1.1,0.45,1.870728] [-1.1,0.45,2.5]
[-1,0.45,2.45479] [-1.1,0.45,2.5] [-1,0.45,2.59532]
[-0.103802,0,2.65] [-0.104786,0.000955,2.65093] [-0.104786,-0.000955,2.65093]
[0.001505,-0.08,2.270513] [-0.05,-0.08,2.2] [0.001505,0.08,2.270513]
[0.001505,0.08,2.270513] [-0.05,-0.08,2.2] [-0.05,0.08,2.2]
[0.001505,-0.08,2.270513] [-0.155206,-0.08,2.223597] [-0.05,-0.08,2.2]
[-0.05,-0.08,2.2] [-0.155206,-0.08,2.223597] [0.004819,-0.08,1.864119]
[-0.05,-0.08,2.2] [0.004819,-0.08,1.864119] [0.172513,-0.08,1.943695]
[0.004819,0.08,1.864119] [0.172513,0.08,1.943695] [0.004819,-0.08,1.864119]
[0.004819,-0.08,1.864119] [0.172513,0.08,1.943695] [0.172513,-0.08,1.943695]
[0.172513,0.08,1.943695] [-0.05,0.08,2.2] [0.172513,-0.08,1.943695]
[0.172513,-0.08,1.943695] [-0.05,0.08,2.2] [-0.05,-0.08,2.2]
[0.001505,0.08,2.270513] [-0.05,0.08,2.2] [-0.155206,0.08,2.223597]
[-0.155206,0.08,2.223597] [-0.05,0.08,2.2] [0.004819,0.08,1.864119]
[0.004819,0.08,1.864119] [-0.05,0.08,2.2] [0.172513,0.08,1.943695]
[-0.155206,0.45,2.223597] [-0.155206,0.08,2.223597] [-0.1,0.45,2.099583]
[-0.1,0.45,2.099583] [-0.155206,0.08,2.223597] [0.004819,0.08,1.864119]
[-0.1,0.45,2.099583] [0.004819,0.08,1.864119] [0.033361,0.15,1.800003]
[0.033361,0.15,1.800003] [0.004819,0.08,1.864119] [0.033361,-0.15,1.800003]
[0.033361,-0.15,1.800003] [0.004819,0.08,1.864119] [0.004819,-0.08,1.864119]
[0.033361,-0.15,1.800003] [0.004819,-0.08,1.864119] [-0.1,-0.45,2.099583]
[-0.1,-0.45,2.099583] [0.004819,-0.08,1.864119] [-0.155206,-0.08,2.223597]
[-0.1,-0.45,2.099583] [-0.155206,-0.08,2.223597] [-0.155206,-0.45,2.223597]
[-0.1,-0.45,2.646408] [0.033361,-0.15,2.520407] [-0.1,-0.386292,2.646408]
[-0.1,-0.386292,2.646408] [0.033361,-0.15,2.520407] [-0.1,-0.110988,2.646408]
[-0.1,-0.386292,2.646408] [-0.1,-0.110988,2.646408] [-0.104786,-0.380693,2.65093]
[-0.104786,-0.380693,2.65093] [-0.1,-0.110988,2.646408] [-0.104786,-0.115633,2.65093]
[-0.1,-0.110988,2.646408] [0.033361,-0.15,2.520407] [-0.1,0.110988,2.646408]
[-0.1,0.110988,2.646408] [0.033361,-0.15,2.520407] [0.033361,0.15,2.520407]
[-0.1,0.110988,2.646408] [0.033361,0.15,2.520407] [-0.1,0.386292,2.646408]
[-0.1,0.386292,2.646408] [0.033361,0.15,2.520407] [-0.1,0.45,2.646408]
[-0.1,0.386292,2.646408] [-0.104786,0.380693,2.65093] [-0.1,0.110988,2.646408]
[-0.1,0.110988,2.646408] [-0.104786,0.380693,2.65093] [-0.104786,0.115633,2.65093]
[-0.155206,0.08,2.223597] [-0.1,0.45,2.240124] [0.001505,0.08,2.270513]
[0.001505,0.08,2.270513] [-0.1,0.45,2.240124] [0.033361,0.15,2.28005]
[0.001505,0.08,2.270513] [0.033361,0.15,2.28005] [0.033361,-0.15,2.28005]
[-0.155206,0.08,2.223597] [-0.155206,0.45,2.223597] [-0.1,0.45,2.240124]
[0.001505,0.08,2.270513] [0.033361,-0.15,2.28005] [0.001505,-0.08,2.270513]
[0.001505,-0.08,2.270513] [0.033361,-0.15,2.28005] [-0.1,-0.45,2.240124]
[0.001505,-0.08,2.270513] [-0.1,-0.45,2.240124] [-0.155206,-0.08,2.223597]
[-0.155206,-0.08,2.223597] [-0.1,-0.45,2.240124] [-0.155206,-0.45,2.223597]
[-0.1,0.45,2.099583] [0.033361,0.15,1.800003] [-0.1,0.45,1.4]
[-0.1,0.45,1.4] [0.033361,0.15,1.800003] [-0.033319,0.3,1.25093]
[-0.033319,0.3,1.25093] [0.033361,0.15,1.800003] [0.033361,0.15,1.25093]
[-0.1,0.45,2.646408] [0.033361,0.15,2.520407] [-0.1,0.45,2.556324]
[-0.1,0.45,2.556324] [0.033361,0.15,2.520407] [0.033361,0.15,2.28005]
[-0.1,0.45,2.556324] [0.033361,0.15,2.28005] [-0.1,0.45,2.240124]
[0.033361,-0.15,1.800003] [0.033361,-0.15,1.25093] [0.033361,0.15,1.800003]
[0.033361,0.15,1.800003] [0.033361,-0.15,1.25093] [0.033361,0.15,1.25093]
[0.033361,-0.15,2.520407] [0.033361,-0.15,2.28005] [0.033361,0.15,2.520407]
[0.033361,0.15,2.520407] [0.033361,-0.15,2.28005] [0.033361,0.15,2.28005]
[-0.1,-0.45,2.099583] [-0.1,-0.45,1.4] [0.033361,-0.15,1.800003]
[0.033361,-0.15,1.800003] [-0.1,-0.45,1.4] [-0.033319,-0.3,1.25093]
[0.033361,-0.15,1.800003] [-0.033319,-0.3,1.25093] [0.033361,-0.15,1.25093]
[-0.033319,0.3,1.25093] [-0.329328,0.3,1.25093] [-0.1,0.45,1.4]
[-0.1,0.45,1.4] [-0.329328,0.3,1.25093] [-0.4,0.354646,1.305237]
[-0.1,0.45,1.4] [-0.4,0.354646,1.305237] [-0.4,0.45,1.4]
[-0.329328,0.3,1.25093] [-0.4,0.3,1.25093] [-0.4,0.354646,1.305237]
[-0.329328,0.3,1.25093] [-0.4,0.354646,1.25093] [-0.4,0.3,1.25093]
[-0.4,0.354646,1.25093] [-0.4,0.354646,1.305237] [-0.4,0.3,1.25093]
[-0.4,-0.4,1.25093] [-0.3,-0.3,1.25093] [-0.4,-0.3,1.25093]
[-0.033319,-0.3,1.25093] [-0.1,-0.45,1.4] [-0.3,-0.3,1.25093]
[-0.3,-0.3,1.25093] [-0.1,-0.45,1.4] [-0.4,-0.4,1.35031]
[-0.3,-0.3,1.25093] [-0.4,-0.4,1.35031] [-0.4,-0.3,1.25093]
[-0.1,-0.45,1.4] [-0.4,-0.45,1.4] [-0.4,-0.4,1.35031]
[-0.4,-0.4,1.35031] [-0.4,-0.4,1.25093] [-0.4,-0.3,1.25093]
[-0.329328,0.3,1.25093] [-0.033319,0.3,1.25093] [-0.2,0.2,1.25093]
[-0.2,0.2,1.25093] [-0.033319,0.3,1.25093] [0.033361,0.15,1.25093]
[-0.2,0.2,1.25093] [0.033361,0.15,1.25093] [-0.2,-0.2,1.25093]
[-0.2,-0.2,1.25093] [0.033361,0.15,1.25093] [0.033361,-0.15,1.25093]
[-0.2,-0.2,1.25093] [0.033361,-0.15,1.25093] [-0.033319,-0.3,1.25093]
[-0.033319,-0.3,1.25093] [-0.3,-0.3,1.25093] [-0.2,-0.2,1.25093]
[-0.1,-0.45,2.646408] [-0.1,-0.45,2.556324] [0.033361,-0.15,2.520407]
[0.033361,-0.15,2.520407] [-0.1,-0.45,2.556324] [0.033361,-0.15,2.28005]
[0.033361,-0.15,2.28005] [-0.1,-0.45,2.556324] [-0.1,-0.45,2.240124]
[-0.4,0.354646,1.305237] [-0.4,0.354646,1.6] [-0.4,0.45,1.4]
[-0.4,0.45,1.4] [-0.4,0.354646,1.6] [-0.4,0.45,1.6]
[-0.4,-0.4,1.35031] [-0.4,-0.45,1.4] [-0.4,-0.4,1.6]
[-0.4,-0.4,1.6] [-0.4,-0.45,1.4] [-0.4,-0.45,1.6]
[-1.1,0.45,1.870728] [-0.9,0.45,1.6] [-1.1,-0.45,1.870728]
[-1.1,-0.45,1.870728] [-0.9,0.45,1.6] [-0.9,-0.45,1.6]
[-0.4,-0.4,1.6] [-0.4,-0.45,1.6] [-0.6,-0.4,1.6]
[-0.6,-0.4,1.6] [-0.4,-0.45,1.6] [-0.9,-0.45,1.6]
[-0.6,-0.4,1.6] [-0.9,-0.45,1.6] [-0.8,-0.2,1.6]
[-0.8,-0.2,1.6] [-0.9,-0.45,1.6] [-0.8,0.2,1.6]
[-0.8,0.2,1.6] [-0.9,-0.45,1.6] [-0.9,0.45,1.6]
[-0.8,0.2,1.6] [-0.9,0.45,1.6] [-0.6,0.354646,1.6]
[-0.6,0.354646,1.6] [-0.9,0.45,1.6] [-0.4,0.45,1.6]
[-0.6,0.354646,1.6] [-0.4,0.45,1.6] [-0.4,0.354646,1.6]
[-1.1,0.45,2.5] [-1.1,0.45,1.870728] [-1.1,-0.45,2.5]
[-1.1,-0.45,2.5] [-1.1,0.45,1.870728] [-1.1,-0.45,1.870728]
[-0.8,-0.2,1.6] [-0.8,0.2,1.6] [-0.8,-0.2,1.4]
[-0.8,-0.2,1.4] [-0.8,0.2,1.6] [-0.8,0.2,1.4]
[-0.8,0.2,1.6] [-0.6,0.354646,1.6] [-0.8,0.2,1.4]
[-0.8,0.2,1.4] [-0.6,0.354646,1.6] [-0.6,0.354646,1.4]
[-0.6,0.354646,1.4] [-0.6,0.354646,1.6] [-0.5,0.354646,1.4]
[-0.5,0.354646,1.4] [-0.6,0.354646,1.6] [-0.4,0.354646,1.6]
[-0.5,0.354646,1.4] [-0.4,0.354646,1.6] [-0.4,0.354646,1.305237]
[-0.4,0.354646,1.305237] [-0.4,0.354646,1.25093] [-0.5,0.354646,1.4]
[-0.5,0.354646,1.4] [-0.4,0.354646,1.25093] [-0.5,0.354646,1]
[-0.5,0.354646,1] [-0.4,0.354646,1.25093] [-0.4,0.354646,1]
[-0.4,0.354646,1.25093] [-0.329328,0.3,1.25093] [-0.4,0.354646,1]
[-0.4,0.354646,1] [-0.329328,0.3,1.25093] [-0.2,0.2,1]
[-0.2,0.2,1] [-0.329328,0.3,1.25093] [-0.2,0.2,1.25093]
[-1.090009,-0.45,1.4] [-1.090009,-0.651566,1.333526] [-0.5,-0.45,1.4]
[-0.5,-0.45,1.4] [-1.090009,-0.651566,1.333526] [-0.92823,-0.790153,1.287821]
[-0.5,-0.45,1.4] [-0.92823,-0.790153,1.287821] [-0.5,-0.790153,1.287821]
[-0.92823,-0.790153,1.287821] [-0.8,-0.9,1.11375] [-0.5,-0.790153,1.287821]
[-0.5,-0.790153,1.287821] [-0.8,-0.9,1.11375] [-0.5,-0.9,1.11375]
[-0.92823,0.790153,1.287821] [-0.5,0.790153,1.287821] [-0.8,0.9,1.11375]
[-0.8,0.9,1.11375] [-0.5,0.790153,1.287821] [-0.5,0.9,1.11375]
[-0.5,0.790153,1.287821] [-0.92823,0.790153,1.287821] [-0.5,0.45,1.4]
[-0.5,0.45,1.4] [-0.92823,0.790153,1.287821] [-1.090009,0.651566,1.333526]
[-0.5,0.45,1.4] [-1.090009,0.651566,1.333526] [-1.090009,0.45,1.4]
[-0.5,-0.4,1.4] [-0.5,-0.45,1.4] [-0.5,-0.4,1]
[-0.5,-0.4,1] [-0.5,-0.45,1.4] [-0.5,-0.790153,1.287821]
[-0.5,-0.4,1] [-0.5,-0.790153,1.287821] [-0.5,-0.9,1.11375]
[-0.5,-0.9,1.11375] [-0.5,-0.9,1] [-0.5,-0.4,1]
[-1.090009,0.651566,1.333526] [-0.92823,0.790153,1.287821] [-1.090009,0.651566,1]
[-1.090009,0.651566,1] [-0.92823,0.790153,1.287821] [-0.8,0.9,1.11375]
[-1.090009,0.651566,1] [-0.8,0.9,1.11375] [-0.8,0.9,1]
[-1.090009,-0.45,1.4] [-1.090009,0.45,1.4] [-1.090009,-0.651566,1.333526]
[-1.090009,-0.651566,1.333526] [-1.090009,0.45,1.4] [-1.090009,0.651566,1.333526]
[-1.090009,-0.651566,1.333526] [-1.090009,0.651566,1.333526] [-1.090009,-0.651566,1]
[-1.090009,-0.651566,1] [-1.090009,0.651566,1.333526] [-1.090009,0.651566,1]
[-0.8,0.9,1.11375] [-0.5,0.9,1.11375] [-0.8,0.9,1]
[-0.8,0.9,1] [-0.5,0.9,1.11375] [-0.5,0.9,1]
[-0.5,-0.45,1.4] [-0.6,-0.4,1.4] [-1.090009,-0.45,1.4]
[-1.090009,-0.45,1.4] [-0.6,-0.4,1.4] [-0.8,-0.2,1.4]
[-1.090009,-0.45,1.4] [-0.8,-0.2,1.4] [-0.8,0.2,1.4]
[-0.5,-0.45,1.4] [-0.5,-0.4,1.4] [-0.6,-0.4,1.4]
[-1.090009,-0.45,1.4] [-0.8,0.2,1.4] [-1.090009,0.45,1.4]
[-1.090009,0.45,1.4] [-0.8,0.2,1.4] [-0.6,0.354646,1.4]
[-1.090009,0.45,1.4] [-0.6,0.354646,1.4] [-0.5,0.45,1.4]
[-0.5,0.45,1.4] [-0.6,0.354646,1.4] [-0.5,0.354646,1.4]
[-0.5,0.9,1] [-0.5,0.9,1.11375] [-0.5,0.354646,1]
[-0.5,0.354646,1] [-0.5,0.9,1.11375] [-0.5,0.790153,1.287821]
[-0.5,0.354646,1] [-0.5,0.790153,1.287821] [-0.5,0.45,1.4]
[-0.5,0.45,1.4] [-0.5,0.354646,1.4] [-0.5,0.354646,1]
[-0.5,-0.9,1.11375] [-0.8,-0.9,1.11375] [-0.5,-0.9,1]
[-0.5,-0.9,1] [-0.8,-0.9,1.11375] [-0.8,-0.9,1]
[-1.090009,-0.651566,1.333526] [-1.090009,-0.651566,1] [-0.92823,-0.790153,1.287821]
[-0.92823,-0.790153,1.287821] [-1.090009,-0.651566,1] [-0.8,-0.9,1.11375]
[-0.8,-0.9,1.11375] [-1.090009,-0.651566,1] [-0.8,-0.9,1]
[-0.6,-0.4,1.6] [-0.8,-0.2,1.6] [-0.6,-0.4,1.4]
[-0.6,-0.4,1.4] [-0.8,-0.2,1.6] [-0.8,-0.2,1.4]
[-0.2,0.2,1.25093] [-0.2,-0.2,1.25093] [-0.2,0.2,1]
[-0.2,0.2,1] [-0.2,-0.2,1.25093] [-0.2,-0.2,1]
[-0.2,-0.2,1.25093] [-0.3,-0.3,1.25093] [-0.2,-0.2,1]
[-0.2,-0.2,1] [-0.3,-0.3,1.25093] [-0.4,-0.4,1]
[-0.4,-0.4,1] [-0.3,-0.3,1.25093] [-0.4,-0.4,1.25093]
[-0.4,-0.4,1.35031] [-0.4,-0.4,1.6] [-0.5,-0.4,1.4]
[-0.5,-0.4,1.4] [-0.4,-0.4,1.6] [-0.6,-0.4,1.6]
[-0.5,-0.4,1.4] [-0.6,-0.4,1.6] [-0.6,-0.4,1.4]
[-0.4,-0.4,1.35031] [-0.5,-0.4,1.4] [-0.4,-0.4,1.25093]
[-0.4,-0.4,1.25093] [-0.5,-0.4,1.4] [-0.5,-0.4,1]
[-0.4,-0.4,1.25093] [-0.5,-0.4,1] [-0.4,-0.4,1]
[-1.2,-0.9,0.468446] [-1.2,-0.9,0.9] [-1.3,-0.9,0.468446]
[-1.3,-0.9,0.468446] [-1.2,-0.9,0.9] [-1.3,-0.9,0.9]
[-1.2,-0.632949,0.35327] [-1.2,-0.9,0.468446] [-1.3,-0.632949,0.35327]
[-1.3,-0.632949,0.35327] [-1.2,-0.9,0.468446] [-1.3,-0.9,0.468446]
[-1.2,-0.4,0.1] [-1.2,-0.632949,0.35327] [-1.3,-0.4,0.1]
[-1.3,-0.4,0.1] [-1.2,-0.632949,0.35327] [-1.3,-0.632949,0.35327]
[-1.2,-0.2,-0.6] [-1.2,-0.4,0.1] [-1.3,-0.2,-0.6]
[-1.3,-0.2,-0.6] [-1.2,-0.4,0.1] [-1.3,-0.4,0.1]
[-1.2,-0.2,0.9] [-1.2,-0.2,-0.6] [-1.3,-0.2,0.9]
[-1.3,-0.2,0.9] [-1.2,-0.2,-0.6] [-1.3,-0.2,-0.6]
[-1.2,-0.9,0.9] [-1.2,-0.2,0.9] [-1.3,-0.9,0.9]
[-1.3,-0.9,0.9] [-1.2,-0.2,0.9] [-1.3,-0.2,0.9]
[-1.3,-0.9,0.468446] [-1.3,-0.9,0.9] [-1.3,-0.632949,0.35327]
[-1.3,-0.632949,0.35327] [-1.3,-0.9,0.9] [-1.3,-0.2,0.9]
[-1.3,-0.632949,0.35327] [-1.3,-0.2,0.9] [-1.3,-0.4,0.1]
[-1.3,-0.4,0.1] [-1.3,-0.2,0.9] [-1.3,-0.2,-0.6]
[-1.2,0.4,0.1] [-1.2,0.2,-0.6] [-1.3,0.4,0.1]
[-1.3,0.4,0.1] [-1.2,0.2,-0.6] [-1.3,0.2,-0.6]
[-1.2,0.632949,0.35327] [-1.2,0.4,0.1] [-1.3,0.632949,0.35327]
[-1.3,0.632949,0.35327] [-1.2,0.4,0.1] [-1.3,0.4,0.1]
[-1.2,0.9,0.468446] [-1.2,0.632949,0.35327] [-1.3,0.9,0.468446]
[-1.3,0.9,0.468446] [-1.2,0.632949,0.35327] [-1.3,0.632949,0.35327]
[-1.2,0.9,0.9] [-1.2,0.9,0.468446] [-1.3,0.9,0.9]
[-1.3,0.9,0.9] [-1.2,0.9,0.468446] [-1.3,0.9,0.468446]
[-1.2,0.2,0.9] [-1.2,0.9,0.9] [-1.3,0.2,0.9]
[-1.3,0.2,0.9] [-1.2,0.9,0.9] [-1.3,0.9,0.9]
[-1.2,0.2,-0.6] [-1.2,0.2,0.9] [-1.3,0.2,-0.6]
[-1.3,0.2,-0.6] [-1.2,0.2,0.9] [-1.3,0.2,0.9]
[-1.3,0.2,-0.6] [-1.3,0.2,0.9] [-1.3,0.4,0.1]
[-1.3,0.4,0.1] [-1.3,0.2,0.9] [-1.3,0.632949,0.35327]
[-1.3,0.632949,0.35327] [-1.3,0.2,0.9] [-1.3,0.9,0.9]
[-1.3,0.632949,0.35327] [-1.3,0.9,0.9] [-1.3,0.9,0.468446]
[-0.134717,0.9,-2.942918] [-0.134717,-0.9,-2.942918] [-1.194717,0.9,-2.942918]
[-1.194717,0.9,-2.942918] [-0.134717,-0.9,-2.942918] [-1.194717,-0.9,-2.942918]
[-0.134717,0.9,-2] [-0.134717,0.9,-2.942918] [-1.194717,0.9,-2]
[-1.194717,0.9,-2] [-0.134717,0.9,-2.942918] [-1.194717,0.9,-2.942918]
[-0.134717,-0.9,-2.942918] [-0.134717,-0.9,-2] [-1.194717,-0.9,-2.942918]
[-1.194717,-0.9,-2.942918] [-0.134717,-0.9,-2] [-1.194717,-0.9,-2]
[-1.194717,-0.9,-2.942918] [-1.194717,-0.9,-2] [-1.194717,0.9,-2.942918]
[-1.194717,0.9,-2.942918] [-1.194717,-0.9,-2] [-1.194717,0.9,-2]
[-0.134717,-0.9,-2] [-0.134717,-0.9,-2.942918] [-0.134717,-0.3,-2.3]
[-0.134717,-0.3,-2.3] [-0.134717,-0.9,-2.942918] [-0.134717,-0.1,-2.5]
[-0.134717,-0.1,-2.5] [-0.134717,-0.9,-2.942918] [-0.134717,0.9,-2.942918]
[-0.134717,-0.1,-2.5] [-0.134717,0.9,-2.942918] [-0.134717,0.1,-2.5]
[-0.134717,0.1,-2.5] [-0.134717,0.9,-2.942918] [-0.134717,0.3,-2.3]
[-0.134717,0.3,-2.3] [-0.134717,0.9,-2.942918] [-0.134717,0.9,-2]
[-0.034717,-0.3,-2.3] [-0.034717,-0.9,-2] [-0.134717,-0.3,-2.3]
[-0.134717,-0.3,-2.3] [-0.034717,-0.9,-2] [-0.134717,-0.9,-2]
[-0.034717,-0.1,-2.5] [-0.034717,-0.3,-2.3] [-0.134717,-0.1,-2.5]
[-0.134717,-0.1,-2.5] [-0.034717,-0.3,-2.3] [-0.134717,-0.3,-2.3]
[-0.034717,0.1,-2.5] [-0.034717,-0.1,-2.5] [-0.134717,0.1,-2.5]
[-0.134717,0.1,-2.5] [-0.034717,-0.1,-2.5] [-0.134717,-0.1,-2.5]
[-0.034717,0.3,-2.3] [-0.034717,0.1,-2.5] [-0.134717,0.3,-2.3]
[-0.134717,0.3,-2.3] [-0.034717,0.1,-2.5] [-0.134717,0.1,-2.5]
[-0.034717,0.9,-2] [-0.034717,0.3,-2.3] [-0.134717,0.9,-2]
[-0.134717,0.9,-2] [-0.034717,0.3,-2.3] [-0.134717,0.3,-2.3]
[0,0.175,0] [0,-0.175,0] [0.065283,0.175,0]
[0.065283,0.175,0] [0,-0.175,0] [0.065283,-0.175,0]
[-0.034717,-0.85,-0.25] [-0.034717,-0.6,-0.05] [0.065283,-0.85,-0.25]
[0.065283,-0.85,-0.25] [-0.034717,-0.6,-0.05] [0.065283,-0.6,-0.05]
[-0.034717,-0.9625,-0.590345] [-0.034717,-0.85,-0.25] [0.065283,-0.9625,-0.590345]
[0.065283,-0.9625,-0.590345] [-0.034717,-0.85,-0.25] [0.065283,-0.85,-0.25]
[-0.034717,-0.996272,-0.05] [-0.034717,-0.9625,-0.590345] [0.065283,-0.996272,-0.05]
[0.065283,-0.996272,-0.05] [-0.034717,-0.9625,-0.590345] [0.065283,-0.9625,-0.590345]
[-0.034717,-0.9,0] [-0.034717,-0.996272,-0.05] [0.065283,-0.9,0]
[0.065283,-0.9,0] [-0.034717,-0.996272,-0.05] [0.065283,-0.996272,-0.05]
[-0.034717,0.996272,-0.05] [-0.034717,0.9,0] [0.065283,0.996272,-0.05]
[0.065283,0.996272,-0.05] [-0.034717,0.9,0] [0.065283,0.9,0]
[-0.034717,0.9625,-0.590345] [-0.034717,0.996272,-0.05] [0.065283,0.9625,-0.590345]
[0.065283,0.9625,-0.590345] [-0.034717,0.996272,-0.05] [0.065283,0.996272,-0.05]
[-0.034717,0.85,-0.25] [-0.034717,0.9625,-0.590345] [0.065283,0.85,-0.25]
[0.065283,0.85,-0.25] [-0.034717,0.9625,-0.590345] [0.065283,0.9625,-0.590345]
[-0.034717,0.6,-0.05] [-0.034717,0.85,-0.25] [0.065283,0.6,-0.05]
[0.065283,0.6,-0.05] [-0.034717,0.85,-0.25] [0.065283,0.85,-0.25]
[-0.034717,-0.6,-0.05] [-0.034717,0.6,-0.05] [0.065283,-0.6,-0.05]
[0.065283,-0.6,-0.05] [-0.034717,0.6,-0.05] [0.065283,0.6,-0.05]
[0.065283,0.6,-0.05] [0.065283,0.175,0] [0.065283,-0.6,-0.05]
[0.065283,-0.6,-0.05] [0.065283,0.175,0] [0.065283,-0.175,0]
[0.065283,-0.6,-0.05] [0.065283,-0.175,0] [0.065283,-0.9,0]
[0.065283,0.85,-0.25] [0.065283,0.996272,-0.05] [0.065283,0.6,-0.05]
[0.065283,0.6,-0.05] [0.065283,0.996272,-0.05] [0.065283,0.9,0]
[0.065283,0.6,-0.05] [0.065283,0.9,0] [0.065283,0.175,0]
[0.065283,0.85,-0.25] [0.065283,0.9625,-0.590345] [0.065283,0.996272,-0.05]
[0.065283,-0.9,0] [0.065283,-0.996272,-0.05] [0.065283,-0.6,-0.05]
[0.065283,-0.6,-0.05] [0.065283,-0.996272,-0.05] [0.065283,-0.85,-0.25]
[0.065283,-0.85,-0.25] [0.065283,-0.996272,-0.05] [0.065283,-0.9625,-0.590345]
[-0.034717,0.9,0] [-0.034717,0.996272,-0.05] [-0.034717,1.025,0]
[-0.034717,1.025,0] [-0.034717,0.996272,-0.05] [-0.034717,0.9625,-0.590345]
[-0.034717,1.025,0] [-0.034717,0.9625,-0.590345] [-0.034717,0.9,-2]
[-0.034717,0.9,-2] [-0.034717,0.9625,-0.590345] [-0.034717,0.3,-2.3]
[-0.034717,0.3,-2.3] [-0.034717,0.9625,-0.590345] [-0.034717,0.6,-0.05]
[-0.034717,0.3,-2.3] [-0.034717,0.6,-0.05] [-0.034717,-0.6,-0.05]
[-0.034717,0.9625,-0.590345] [-0.034717,0.85,-0.25] [-0.034717,0.6,-0.05]
[-0.034717,-0.85,-0.25] [-0.034717,-0.9625,-0.590345] [-0.034717,-0.6,-0.05]
[-0.034717,-0.6,-0.05] [-0.034717,-0.9625,-0.590345] [-0.034717,0.3,-2.3]
[-0.034717,-0.996272,-0.05] [-0.034717,-1.025,0] [-0.034717,-0.9625,-0.590345]
[-0.034717,-0.9625,-0.590345] [-0.034717,-1.025,0] [-0.034717,-0.9,-2]
[-0.034717,-0.9625,-0.590345] [-0.034717,-0.9,-2] [-0.034717,-0.3,-2.3]
[-0.034717,-0.996272,-0.05] [-0.034717,-0.9,0] [-0.034717,-1.025,0]
[-0.034717,-0.1,-2.5] [-0.034717,0.1,-2.5] [-0.034717,-0.3,-2.3]
[-0.034717,-0.3,-2.3] [-0.034717,0.1,-2.5] [-0.034717,0.3,-2.3]
[-0.034717,-0.3,-2.3] [-0.034717,0.3,-2.3] [-0.034717,-0.9625,-0.590345]
[-0.034717,-1.025,0] [-0.034717,-0.9,0] [0.02774,-1.025,0]
[0.02774,-1.025,0] [-0.034717,-0.9,0] [0.065283,-0.9,0]
[0.02774,-1.025,0] [0.065283,-0.9,0] [0.3,-0.525,0]
[0.3,-0.525,0] [0.065283,-0.9,0] [0.065283,-0.175,0]
[0.3,-0.525,0] [0.065283,-0.175,0] [0.3,-0.175,0]
[-1.2,0.9,-2] [-1.2,1.025,0] [-1.194717,0.9,-2]
[-1.194717,0.9,-2] [-1.2,1.025,0] [-0.134717,0.9,-2]
[-0.134717,0.9,-2] [-1.2,1.025,0] [-0.034717,1.025,0]
[-0.134717,0.9,-2] [-0.034717,1.025,0] [-0.034717,0.9,-2]
[-1.2,-0.9,-2] [-1.194717,-0.9,-2] [-1.2,-1.025,0]
[-1.2,-1.025,0] [-1.194717,-0.9,-2] [-0.134717,-0.9,-2]
[-1.2,-1.025,0] [-0.134717,-0.9,-2] [-0.034717,-1.025,0]
[-0.034717,-1.025,0] [-0.134717,-0.9,-2] [-0.034717,-0.9,-2]
[-1.194717,-0.9,-2] [-1.2,-0.9,-2] [-1.194717,0.9,-2]
[-1.194717,0.9,-2] [-1.2,-0.9,-2] [-1.2,0.9,-2]
[0.3,0.175,0] [0.3,0.136177,0.005111] [0.065283,0.175,0]
[0.065283,0.175,0] [0.3,0.136177,0.005111] [0,0.136177,0.005111]
[0.065283,0.175,0] [0,0.136177,0.005111] [0,0.175,0]
[0,0.136177,0.005111] [0.3,0.136177,0.005111] [0,0.1,0.020096]
[0,0.1,0.020096] [0.3,0.136177,0.005111] [0.3,0.1,0.020096]
[0,0.1,0.020096] [0.3,0.1,0.020096] [0,0.068934,0.043934]
[0,0.068934,0.043934] [0.3,0.1,0.020096] [0.3,0.068934,0.043934]
[0,0.068934,0.043934] [0.3,0.068934,0.043934] [0,0.045096,0.075]
[0,0.045096,0.075] [0.3,0.068934,0.043934] [0.3,0.045096,0.075]
[0,0.045096,0.075] [0.3,0.045096,0.075] [0,0.030111,0.111177]
[0,0.030111,0.111177] [0.3,0.045096,0.075] [0.3,0.030111,0.111177]
[0,0.030111,0.111177] [0.3,0.030111,0.111177] [0,0.025,0.15]
[0,0.025,0.15] [0.3,0.030111,0.111177] [0.3,0.025,0.15]
[0,-0.025,0.15] [0.3,-0.025,0.15] [0,-0.030111,0.111177]
[0,-0.030111,0.111177] [0.3,-0.025,0.15] [0.3,-0.030111,0.111177]
[0,-0.030111,0.111177] [0.3,-0.030111,0.111177] [0,-0.045096,0.075]
[0,-0.045096,0.075] [0.3,-0.030111,0.111177] [0.3,-0.045096,0.075]
[0,-0.045096,0.075] [0.3,-0.045096,0.075] [0,-0.068934,0.043934]
[0,-0.068934,0.043934] [0.3,-0.045096,0.075] [0.3,-0.068934,0.043934]
[0,-0.068934,0.043934] [0.3,-0.068934,0.043934] [0,-0.1,0.020096]
[0,-0.1,0.020096] [0.3,-0.068934,0.043934] [0.3,-0.1,0.020096]
[0,-0.1,0.020096] [0.3,-0.1,0.020096] [0,-0.136177,0.005111]
[0,-0.136177,0.005111] [0.3,-0.1,0.020096] [0.3,-0.136177,0.005111]
[0,-0.136177,0.005111] [0.3,-0.136177,0.005111] [0.065283,-0.175,0]
[0.065283,-0.175,0] [0.3,-0.136177,0.005111] [0.3,-0.175,0]
[0.065283,-0.175,0] [0,-0.175,0] [0,-0.136177,0.005111]
[-0.034717,0.9,0] [0.02774,1.025,0] [0.065283,0.9,0]
[0.065283,0.9,0] [0.02774,1.025,0] [0.3,0.525,0]
[0.065283,0.9,0] [0.3,0.525,0] [0.065283,0.175,0]
[0.065283,0.175,0] [0.3,0.525,0] [0.3,0.175,0]
[-0.034717,0.9,0] [-0.034717,1.025,0] [0.02774,1.025,0]
[0.3,-0.136177,0.005111] [0.3,-0.025,0.5] [0.3,-0.175,0]
[0.3,-0.175,0] [0.3,-0.025,0.5] [0.3,-0.091987,0.75]
[0.3,-0.175,0] [0.3,-0.091987,0.75] [0.3,-0.171447,0.853553]
[0.3,-0.025,0.5] [0.3,-0.136177,0.005111] [0.3,-0.025,0.15]
[0.3,-0.025,0.15] [0.3,-0.136177,0.005111] [0.3,-0.1,0.020096]
[0.3,-0.025,0.15] [0.3,-0.1,0.020096] [0.3,-0.068934,0.043934]
[0.3,-0.068934,0.043934] [0.3,-0.045096,0.075] [0.3,-0.025,0.15]
[0.3,-0.025,0.15] [0.3,-0.045096,0.075] [0.3,-0.030111,0.111177]
[0.3,-0.025,0.5] [0.3,-0.042037,0.62941] [0.3,-0.091987,0.75]
[0.3,-0.171447,0.853553] [0.3,-0.275,0.933013] [0.3,-0.175,0]
[0.3,-0.175,0] [0.3,-0.275,0.933013] [0.3,-0.525,0]
[0.3,-0.525,0] [0.3,-0.275,0.933013] [0.3,-0.39559,0.982963]
[0.3,-0.525,0] [0.3,-0.39559,0.982963] [0.3,-0.525,1]
[0,-0.025,0.15] [0,-0.025,0.5] [0.3,-0.025,0.15]
[0.3,-0.025,0.15] [0,-0.025,0.5] [0.3,-0.025,0.5]
[0.02774,-1.025,1] [0.02774,-1.025,0] [0.3,-0.525,1]
[0.3,-0.525,1] [0.02774,-1.025,0] [0.3,-0.525,0]
[0.02774,1.025,1] [0.3,0.525,1] [0.02774,1.025,0]
[0.02774,1.025,0] [0.3,0.525,1] [0.3,0.525,0]
[-0.5,0.354646,1] [-0.4,0.354646,1] [-0.5,0.9,1]
[-0.5,0.9,1] [-0.4,0.354646,1] [0,0.525,1]
[-0.5,0.9,1] [0,0.525,1] [0.02774,1.025,1]
[0.02774,1.025,1] [0,0.525,1] [0.3,0.525,1]
[-0.4,0.354646,1] [-0.2,0.2,1] [0,0.525,1]
[0,0.525,1] [-0.2,0.2,1] [-0.2,-0.2,1]
[0,0.525,1] [-0.2,-0.2,1] [0,-0.525,1]
[0,-0.525,1] [-0.2,-0.2,1] [-0.4,-0.4,1]
[0,-0.525,1] [-0.4,-0.4,1] [-0.5,-0.9,1]
[-0.5,-0.9,1] [-0.4,-0.4,1] [-0.5,-0.4,1]
[-0.8,-0.9,1] [-1.2,-1.025,1] [-0.5,-0.9,1]
[-0.5,-0.9,1] [-1.2,-1.025,1] [0.02774,-1.025,1]
[-0.5,-0.9,1] [0.02774,-1.025,1] [0,-0.525,1]
[0,-0.525,1] [0.02774,-1.025,1] [0.3,-0.525,1]
[-0.8,-0.9,1] [-1.090009,-0.651566,1] [-1.2,-1.025,1]
[-1.2,-1.025,1] [-1.090009,-0.651566,1] [-1.090009,0.651566,1]
[-1.2,-1.025,1] [-1.090009,0.651566,1] [-1.2,1.025,1]
[-1.2,1.025,1] [-1.090009,0.651566,1] [-0.8,0.9,1]
[-1.2,1.025,1] [-0.8,0.9,1] [-0.5,0.9,1]
[0.02774,1.025,1] [-1.2,1.025,1] [-0.5,0.9,1]
[-0.1,1.025,0.2] [-0.034717,1.025,0] [-1,1.025,0.2]
[-1,1.025,0.2] [-0.034717,1.025,0] [-1.2,1.025,0]
[-1,1.025,0.2] [-1.2,1.025,0] [-1.2,1.025,1]
[-0.1,1.025,0.880194] [0.02774,1.025,1] [-0.1,1.025,0.2]
[-0.1,1.025,0.2] [0.02774,1.025,1] [0.02774,1.025,0]
[-0.1,1.025,0.2] [0.02774,1.025,0] [-0.034717,1.025,0]
[-0.1,1.025,0.880194] [-1,1.025,0.880194] [0.02774,1.025,1]
[0.02774,1.025,1] [-1,1.025,0.880194] [-1.2,1.025,1]
[-1.2,1.025,1] [-1,1.025,0.880194] [-1,1.025,0.2]
[0,-0.175,0] [0,0.175,0] [0,-0.136177,0.005111]
[0,-0.136177,0.005111] [0,0.175,0] [0,0.136177,0.005111]
[0,-0.136177,0.005111] [0,0.136177,0.005111] [0,-0.1,0.020096]
[0,-0.1,0.020096] [0,0.136177,0.005111] [0,0.1,0.020096]
[0,-0.1,0.020096] [0,0.1,0.020096] [0,-0.068934,0.043934]
[0,-0.068934,0.043934] [0,0.1,0.020096] [0,0.068934,0.043934]
[0,-0.068934,0.043934] [0,0.068934,0.043934] [0,-0.045096,0.075]
[0,-0.045096,0.075] [0,0.068934,0.043934] [0,0.045096,0.075]
[0,-0.045096,0.075] [0,0.045096,0.075] [0,-0.030111,0.111177]
[0,-0.030111,0.111177] [0,0.045096,0.075] [0,0.030111,0.111177]
[0,-0.030111,0.111177] [0,0.030111,0.111177] [0,-0.025,0.15]
[0,-0.025,0.15] [0,0.030111,0.111177] [0,0.025,0.15]
[0,-0.025,0.15] [0,0.025,0.15] [0,-0.025,0.5]
[0,-0.025,0.5] [0,0.025,0.15] [0,0.025,0.5]
[0,-0.025,0.5] [0,0.025,0.5] [0,-0.042037,0.62941]
[0,-0.042037,0.62941] [0,0.025,0.5] [0,0.042037,0.62941]
[0,-0.042037,0.62941] [0,0.042037,0.62941] [0,-0.091987,0.75]
[0,-0.091987,0.75] [0,0.042037,0.62941] [0,0.091987,0.75]
[0,-0.091987,0.75] [0,0.091987,0.75] [0,-0.171447,0.853553]
[0,-0.171447,0.853553] [0,0.091987,0.75] [0,0.171447,0.853553]
[0,-0.171447,0.853553] [0,0.171447,0.853553] [0,-0.275,0.933013]
[0,-0.275,0.933013] [0,0.171447,0.853553] [0,0.275,0.933013]
[0,-0.275,0.933013] [0,0.275,0.933013] [0,-0.39559,0.982963]
[0,-0.39559,0.982963] [0,0.275,0.933013] [0,0.39559,0.982963]
[0,-0.39559,0.982963] [0,0.39559,0.982963] [0,-0.525,1]
[0,-0.525,1] [0,0.39559,0.982963] [0,0.525,1]
[-1.2,-0.2,0.9] [-1.2,-0.9,0.9] [-1.2,-1.025,1]
[-1.2,-1.025,1] [-1.2,-0.9,0.9] [-1.2,-0.9,0.468446]
[-1.2,-1.025,1] [-1.2,-0.9,0.468446] [-1.2,-1.025,0]
[-1.2,-1.025,0] [-1.2,-0.9,0.468446] [-1.2,-0.632949,0.35327]
[-1.2,-1.025,0] [-1.2,-0.632949,0.35327] [-1.2,-0.4,0.1]
[-1.2,-0.4,0.1] [-1.2,-0.2,-0.6] [-1.2,-1.025,0]
[-1.2,-1.025,0] [-1.2,-0.2,-0.6] [-1.2,-0.9,-2]
[-1.2,-0.9,-2] [-1.2,-0.2,-0.6] [-1.2,0.2,-0.6]
[-1.2,-0.9,-2] [-1.2,0.2,-0.6] [-1.2,0.9,-2]
[-1.2,0.9,-2] [-1.2,0.2,-0.6] [-1.2,1.025,0]
[-1.2,1.025,0] [-1.2,0.2,-0.6] [-1.2,0.4,0.1]
[-1.2,1.025,0] [-1.2,0.4,0.1] [-1.2,0.632949,0.35327]
[-1.2,-0.2,-0.6] [-1.2,-0.2,0.9] [-1.2,0.2,-0.6]
[-1.2,0.2,-0.6] [-1.2,-0.2,0.9] [-1.2,0.2,0.9]
[-1.2,0.2,0.9] [-1.2,-0.2,0.9] [-1.2,1.025,1]
[-1.2,0.2,0.9] [-1.2,1.025,1] [-1.2,0.9,0.9]
[-1.2,0.9,0.9] [-1.2,1.025,1] [-1.2,0.9,0.468446]
[-1.2,0.9,0.468446] [-1.2,1.025,1] [-1.2,1.025,0]
[-1.2,0.9,0.468446] [-1.2,1.025,0] [-1.2,0.632949,0.35327]
[-1.2,1.025,1] [-1.2,-0.2,0.9] [-1.2,-1.025,1]
[0.3,0.025,0.15] [0.3,0.025,0.5] [0,0.025,0.15]
[0,0.025,0.15] [0.3,0.025,0.5] [0,0.025,0.5]
[0.3,0.525,1] [0,0.525,1] [0.3,0.39559,0.982963]
[0.3,0.39559,0.982963] [0,0.525,1] [0,0.39559,0.982963]
[0.3,0.39559,0.982963] [0,0.39559,0.982963] [0.3,0.275,0.933013]
[0.3,0.275,0.933013] [0,0.39559,0.982963] [0,0.275,0.933013]
[0.3,0.275,0.933013] [0,0.275,0.933013] [0.3,0.171447,0.853553]
[0.3,0.171447,0.853553] [0,0.275,0.933013] [0,0.171447,0.853553]
[0.3,0.171447,0.853553] [0,0.171447,0.853553] [0.3,0.091987,0.75]
[0.3,0.091987,0.75] [0,0.171447,0.853553] [0,0.091987,0.75]
[0.3,0.091987,0.75] [0,0.091987,0.75] [0.3,0.042037,0.62941]
[0.3,0.042037,0.62941] [0,0.091987,0.75] [0,0.042037,0.62941]
[0.3,0.042037,0.62941] [0,0.042037,0.62941] [0.3,0.025,0.5]
[0.3,0.025,0.5] [0,0.042037,0.62941] [0,0.025,0.5]
[0.3,0.030111,0.111177] [0.3,0.045096,0.075] [0.3,0.025,0.15]
[0.3,0.025,0.15] [0.3,0.045096,0.075] [0.3,0.068934,0.043934]
[0.3,0.025,0.15] [0.3,0.068934,0.043934] [0.3,0.1,0.020096]
[0.3,0.1,0.020096] [0.3,0.136177,0.005111] [0.3,0.025,0.15]
[0.3,0.025,0.15] [0.3,0.136177,0.005111] [0.3,0.025,0.5]
[0.3,0.025,0.5] [0.3,0.136177,0.005111] [0.3,0.175,0]
[0.3,0.025,0.5] [0.3,0.175,0] [0.3,0.091987,0.75]
[0.3,0.091987,0.75] [0.3,0.175,0] [0.3,0.171447,0.853553]
[0.3,0.171447,0.853553] [0.3,0.175,0] [0.3,0.275,0.933013]
[0.3,0.275,0.933013] [0.3,0.175,0] [0.3,0.525,0]
[0.3,0.275,0.933013] [0.3,0.525,0] [0.3,0.39559,0.982963]
[0.3,0.39559,0.982963] [0.3,0.525,0] [0.3,0.525,1]
[0.3,0.091987,0.75] [0.3,0.042037,0.62941] [0.3,0.025,0.5]
[0.3,-0.025,0.5] [0,-0.025,0.5] [0.3,-0.042037,0.62941]
[0.3,-0.042037,0.62941] [0,-0.025,0.5] [0,-0.042037,0.62941]
[0.3,-0.042037,0.62941] [0,-0.042037,0.62941] [0.3,-0.091987,0.75]
[0.3,-0.091987,0.75] [0,-0.042037,0.62941] [0,-0.091987,0.75]
[0.3,-0.091987,0.75] [0,-0.091987,0.75] [0.3,-0.171447,0.853553]
[0.3,-0.171447,0.853553] [0,-0.091987,0.75] [0,-0.171447,0.853553]
[0.3,-0.171447,0.853553] [0,-0.171447,0.853553] [0.3,-0.275,0.933013]
[0.3,-0.275,0.933013] [0,-0.171447,0.853553] [0,-0.275,0.933013]
[0.3,-0.275,0.933013] [0,-0.275,0.933013] [0.3,-0.39559,0.982963]
[0.3,-0.39559,0.982963] [0,-0.275,0.933013] [0,-0.39559,0.982963]
[0.3,-0.39559,0.982963] [0,-0.39559,0.982963] [0.3,-0.525,1]
[0.3,-0.525,1] [0,-0.39559,0.982963] [0,-0.525,1]
[-1,-1.025,0.2] [-0.034717,-1.025,0] [-0.1,-1.025,0.2]
[-0.1,-1.025,0.2] [-0.034717,-1.025,0] [0.02774,-1.025,0]
[-0.1,-1.025,0.2] [0.02774,-1.025,0] [0.02774,-1.025,1]
[-1,-1.025,0.880194] [-1.2,-1.025,1] [-1,-1.025,0.2]
[-1,-1.025,0.2] [-1.2,-1.025,1] [-1.2,-1.025,0]
[-1,-1.025,0.2] [-1.2,-1.025,0] [-0.034717,-1.025,0]
[-1.2,-1.025,1] [-1,-1.025,0.880194] [0.02774,-1.025,1]
[0.02774,-1.025,1] [-1,-1.025,0.880194] [-0.1,-1.025,0.880194]
[0.02774,-1.025,1] [-0.1,-1.025,0.880194] [-0.1,-1.025,0.2]
