[0,-8,0] [0,-8,-1] [1,-8,-1]#back
[1,-8,-1] [0,-8,0] [1,-8,0]
[0,-8,-1] [0,-8,0] [-1,-7,-1]#back-left
[-1,-7,0] [0,-8,0] [-1,-7,-1]
[0,-8,-1] [1,-8,-1] [0,-7,-2]#back-top
[1,-7,-2] [0,-7,-2] [1,-8,-1]
[2,-7,-1] [2,-7,0] [1,-8,-1]#back-right
[1,-8,-1] [1,-8,0] [2,-7,0] 
[0,-8,0] [1,-8,0] [1,-7,1]#back-bottom
[1,-7,1] [0,-7,1] [0,-8,0] 
[-1,-7,-1] [0,-7,-2] [0,-8,-1]#left-top-back
[2,-7,-1] [1,-7,-2] [1,-8,-1]#right-top-back
[2,-7,0] [1,-7,1] [1,-8,0]#right-bottom-back
[-1,-7,0] [0,-7,1] [0,-8,0]#left-bottom-back
[-1,-6,-1] [-1,-7,-1] [0,-6,-2]#top-left
[0,-6,-2] [0,-7,-2] [-1,-7,-1]
[1,-6,1] [1,-7,1] [2,-6,0]#bottom-right
[2,-6,0] [2,-7,0] [1,-7,1]
[-1,-6,0] [-1,-7,0] [0,-6,1]#bottom-left
[0,-6,1] [0,-7,1] [-1,-7,0]
[1,-6,-2] [1,-7,-2] [2,-6,-1]#top-right
[2,-6,-1] [2,-7,-1] [1,-7,-2]
[0,-6,-2] [1,-6,-2] [0,-7,-2]#top
[1,-6,-2] [1,-7,-2] [0,-7,-2]
[2,-6,0] [2,-6,-1] [2,-7,0]#right
[2,-6,-1] [2,-7,-1] [2,-7,0]
[0,-6,1] [1,-6,1] [0,-7,1]#bottom
[1,-6,1] [1,-7,1] [0,-7,1]
[-1,-6,0] [-1,-6,-1] [-1,-7,0]#left
[-1,-6,-1] [-1,-7,-1] [-1,-7,0]
[0,-5,0] [0,-5,-1] [1,-5,-1]#front
[1,-5,-1] [0,-5,0] [1,-5,0]
[0,-6,-2] [1,-6,-2] [1,-5,-1]#front-top
[1,-5,-1] [0,-5,-1] [0,-6,-2]
[0,-6,1] [1,-6,1] [0,-5,0]#front-bottom
[1,-5,0] [0,-5,0] [1,-6,1]
[2,-6,-1] [2,-6,0] [1,-5,-1]#front-right
[1,-5,0] [2,-6,0] [1,-5,-1]
[0,-5,-1] [0,-5,0] [-1,-6,-1]#front-left
[-1,-6,-1] [-1,-6,0] [0,-5,0] 
[0,-6,-2] [-1,-6,-1] [0,-5,-1]#top-left-front
[1,-6,-2] [2,-6,-1] [1,-5,-1]#top-right-front
[0,-6,1] [-1,-6,0] [0,-5,0]#bottom-left-front
[1,-6,1] [2,-6,0] [1,-5,0]#bottom-right-front
