[-0.2,0,-4.2] [-0.2,0,-3.7] [-0.4,0,-4.2]
[-0.4,0,-4.2] [-0.2,0,-3.7] [-0.4,0,-3.7]
[0.2,0,-3.7] [0.2,0,-4.2] [0.4,0,-3.7]
[0.4,0,-3.7] [0.2,0,-4.2] [0.4,0,-4.2]
[0.2,0,-4.2] [0.2,-0.2,-4.2] [0.4,0,-4.2]
[0.4,0,-4.2] [0.2,-0.2,-4.2] [0.4,-0.5,-4.2]
[0.4,-0.5,-4.2] [0.2,-0.2,-4.2] [-0.4,-0.5,-4.2]
[-0.4,-0.5,-4.2] [0.2,-0.2,-4.2] [-0.2,-0.2,-4.2]
[-0.4,-0.5,-4.2] [-0.2,-0.2,-4.2] [-0.4,0,-4.2]
[-0.4,0,-4.2] [-0.2,-0.2,-4.2] [-0.2,0,-4.2]
[-0.4,-0.5,-4.2] [-0.4,0,-4.2] [-0.4,-0.5,-5]
[-0.4,-0.5,-5] [-0.4,0,-4.2] [-0.4,0.7,-5]
[-0.4,0.7,-5] [-0.4,0,-4.2] [-0.4,0.7,-4.2]
[-0.4,0.7,-4.2] [-0.4,0,-4.2] [-0.4,0,-3.7]
[-0.4,0.7,-4.2] [-0.4,0,-3.7] [-0.4,0.6,-3.5]
[0.2,0,-3.7] [0.4,0,-3.7] [0.2,0.2,-3.633333]
[0.2,0.2,-3.633333] [0.4,0,-3.7] [0.4,0.6,-3.5]
[0.2,0.2,-3.633333] [0.4,0.6,-3.5] [-0.4,0.6,-3.5]
[0.2,0.2,-3.633333] [-0.4,0.6,-3.5] [-0.2,0.2,-3.633333]
[-0.2,0.2,-3.633333] [-0.4,0.6,-3.5] [-0.4,0,-3.7]
[-0.2,0.2,-3.633333] [-0.4,0,-3.7] [-0.2,0,-3.7]
[0.4,0.6,-3.5] [0.4,0.7,-4.2] [-0.4,0.6,-3.5]
[-0.4,0.6,-3.5] [0.4,0.7,-4.2] [-0.4,0.7,-4.2]
[0.4,0.7,-4.2] [0.4,0.7,-5] [-0.4,0.7,-4.2]
[-0.4,0.7,-4.2] [0.4,0.7,-5] [-0.4,0.7,-5]
[0.4,0.7,-5] [0.4,-0.5,-5] [-0.4,0.7,-5]
[-0.4,0.7,-5] [0.4,-0.5,-5] [-0.4,-0.5,-5]
[0.4,-0.5,-5] [0.4,-0.5,-4.2] [-0.4,-0.5,-5]
[-0.4,-0.5,-5] [0.4,-0.5,-4.2] [-0.4,-0.5,-4.2]
[0.4,-0.5,-4.2] [0.4,-0.5,-5] [0.4,0,-4.2]
[0.4,0,-4.2] [0.4,-0.5,-5] [0.4,0.7,-5]
[0.4,0,-4.2] [0.4,0.7,-5] [0.4,0.7,-4.2]
[0.4,0.6,-3.5] [0.4,0,-3.7] [0.4,0.7,-4.2]
[0.4,0.7,-4.2] [0.4,0,-3.7] [0.4,0,-4.2]
[0.2,0.2,-3.633333] [-0.2,0.2,-3.633333] [0.2,0.2,-3.3]
[0.2,0.2,-3.3] [-0.2,0.2,-3.633333] [-0.2,0.2,-3.3]
[-0.2,0.2,-3.633333] [-0.2,0,-3.7] [-0.2,0.2,-3.3]
[-0.2,0.2,-3.3] [-0.2,0,-3.7] [-0.2,-0.2,-3.3]
[-0.2,-0.2,-3.3] [-0.2,0,-3.7] [-0.2,-0.2,-4.2]
[-0.2,-0.2,-4.2] [-0.2,0,-3.7] [-0.2,0,-4.2]
[-0.2,-0.2,-4.2] [0.2,-0.2,-4.2] [-0.2,-0.2,-3.3]
[-0.2,-0.2,-3.3] [0.2,-0.2,-4.2] [0.2,-0.2,-3.3]
[0.2,0.2,-3.633333] [0.2,0.2,-3.3] [0.2,0,-3.7]
[0.2,0,-3.7] [0.2,0.2,-3.3] [0.2,-0.2,-3.3]
[0.2,0,-3.7] [0.2,-0.2,-3.3] [0.2,-0.2,-4.2]
[0.2,-0.2,-4.2] [0.2,0,-4.2] [0.2,0,-3.7]
[-0.2,0.2,-3.3] [-0.2,-0.2,-3.3] [-1.6,0.2,-3.3]
[-1.6,0.2,-3.3] [-0.2,-0.2,-3.3] [-1.6,-0.2,-3.3]
[-1.6,0.2,-3.3] [-1.6,-0.2,-3.3] [-2,0,-3.3]
[-2,0,-3.3] [-1.6,-0.2,-3.3] [-1.7,-0.3,-3.3]
[-2,0,-3.3] [-1.7,0.3,-3.3] [-1.6,0.2,-3.3]
[1.7,-0.3,-3.3] [1.7,-0.102458,0.7] [1.413811,-0,-3.020337]
[1.413811,-0,-3.020337] [1.7,-0.102458,0.7] [1.597542,-0,0.7]
[1.7,0.3,-3.3] [1.413811,-0,-3.020337] [1.7,0.102458,0.7]
[1.7,0.102458,0.7] [1.413811,-0,-3.020337] [1.597542,-0,0.7]
[1.7,0.102458,0.7] [1.802458,0,0.7] [1.7,0.3,-3.3]
[1.7,0.3,-3.3] [1.802458,0,0.7] [2,0,-3.3]
[1.802458,0,0.7] [1.7,-0.102458,0.7] [2,0,-3.3]
[2,0,-3.3] [1.7,-0.102458,0.7] [1.7,-0.3,-3.3]
[1.7,-0.102458,0.7] [1.802458,0,0.7] [1.597542,-0,0.7]
[1.597542,-0,0.7] [1.802458,0,0.7] [1.7,0.102458,0.7]
[1.7,-0.3,-3.3] [1.413811,-0,-3.020337] [1.154358,-0.531233,-3.15]
[1.154358,-0.531233,-3.15] [1.413811,-0,-3.020337] [1.371183,-0,-3]
[1.154358,-0.531233,-3.15] [1.371183,-0,-3] [0.881538,-0.646849,-3.075]
[0.881538,-0.646849,-3.075] [1.371183,-0,-3] [0.745127,-0.704658,-3.0375]
[0.745127,-0.704658,-3.0375] [1.371183,-0,-3] [0.676922,-0.733562,-3.01875]
[0.676922,-0.733562,-3.01875] [1.371183,-0,-3] [0.608717,-0.762466,-3]
[1.7,0.3,-3.3] [1.154358,0.531233,-3.15] [1.413811,-0,-3.020337]
[1.413811,-0,-3.020337] [1.154358,0.531233,-3.15] [1.371183,-0,-3]
[1.371183,-0,-3] [1.154358,0.531233,-3.15] [0.881538,0.646849,-3.075]
[1.371183,-0,-3] [0.881538,0.646849,-3.075] [0.745127,0.704658,-3.0375]
[0.745127,0.704658,-3.0375] [0.676922,0.733562,-3.01875] [1.371183,-0,-3]
[1.371183,-0,-3] [0.676922,0.733562,-3.01875] [0.608717,0.762466,-3]
[-1.7,0.3,-3.3] [-1.7,0.102458,0.7] [-1.413811,0,-3.020337]
[-1.413811,0,-3.020337] [-1.7,0.102458,0.7] [-1.597542,0,0.7]
[-1.7,-0.3,-3.3] [-1.413811,0,-3.020337] [-1.7,-0.102458,0.7]
[-1.7,-0.102458,0.7] [-1.413811,0,-3.020337] [-1.597542,0,0.7]
[-1.7,-0.102458,0.7] [-1.802458,-0,0.7] [-1.7,-0.3,-3.3]
[-1.7,-0.3,-3.3] [-1.802458,-0,0.7] [-2,0,-3.3]
[-1.802458,-0,0.7] [-1.7,0.102458,0.7] [-2,0,-3.3]
[-2,0,-3.3] [-1.7,0.102458,0.7] [-1.7,0.3,-3.3]
[-1.7,0.102458,0.7] [-1.802458,-0,0.7] [-1.597542,0,0.7]
[-1.597542,0,0.7] [-1.802458,-0,0.7] [-1.7,-0.102458,0.7]
[-1.7,0.3,-3.3] [-1.413811,0,-3.020337] [-1.154359,0.531233,-3.15]
[-1.154359,0.531233,-3.15] [-1.413811,0,-3.020337] [-1.371183,0,-3]
[-1.154359,0.531233,-3.15] [-1.371183,0,-3] [-0.881538,0.646849,-3.075]
[-0.881538,0.646849,-3.075] [-1.371183,0,-3] [-0.745127,0.704658,-3.0375]
[-0.745127,0.704658,-3.0375] [-1.371183,0,-3] [-0.676922,0.733562,-3.01875]
[-0.676922,0.733562,-3.01875] [-1.371183,0,-3] [-0.608717,0.762466,-3]
[-1.7,-0.3,-3.3] [-1.154359,-0.531233,-3.15] [-1.413811,0,-3.020337]
[-1.413811,0,-3.020337] [-1.154359,-0.531233,-3.15] [-1.371183,0,-3]
[-1.371183,0,-3] [-1.154359,-0.531233,-3.15] [-0.881538,-0.646849,-3.075]
[-1.371183,0,-3] [-0.881538,-0.646849,-3.075] [-0.745127,-0.704658,-3.0375]
[-0.745127,-0.704658,-3.0375] [-0.676922,-0.733562,-3.01875] [-1.371183,0,-3]
[-1.371183,0,-3] [-0.676922,-0.733562,-3.01875] [-0.608717,-0.762466,-3]
[0.2,0.2,-3.3] [1.6,0.2,-3.3] [0.2,-0.2,-3.3]
[0.2,-0.2,-3.3] [1.6,0.2,-3.3] [1.6,-0.2,-3.3]
[1.6,-0.2,-3.3] [1.6,0.2,-3.3] [2,0,-3.3]
[1.6,-0.2,-3.3] [2,0,-3.3] [1.7,-0.3,-3.3]
[1.6,0.2,-3.3] [1.7,0.3,-3.3] [2,0,-3.3]
[-0.608717,0.762466,-3] [-0.559283,0.762466,-3] [-0.676922,0.733562,-3.01875]
[-0.676922,0.733562,-3.01875] [-0.559283,0.762466,-3] [-0.71725,0.698408,-3.0375]
[-0.676922,0.733562,-3.01875] [-0.71725,0.698408,-3.0375] [-0.745127,0.704658,-3.0375]
[-0.745127,0.704658,-3.0375] [-0.71725,0.698408,-3.0375] [-0.881538,0.646849,-3.075]
[-0.881538,0.646849,-3.075] [-0.71725,0.698408,-3.0375] [-0.8505,0.634349,-3.075]
[-0.881538,0.646849,-3.075] [-0.8505,0.634349,-3.075] [-1.154359,0.531233,-3.15]
[-1.154359,0.531233,-3.15] [-0.8505,0.634349,-3.075] [-1.117,0.506233,-3.15]
[-1.154359,0.531233,-3.15] [-1.117,0.506233,-3.15] [-1.7,0.3,-3.3]
[-1.7,0.3,-3.3] [-1.117,0.506233,-3.15] [-1.6,0.2,-3.3]
[-1.6,0.2,-3.3] [-1.117,0.506233,-3.15] [-1.079641,0.481233,-3.15]
[-1.079641,0.481233,-3.15] [-1.117,0.506233,-3.15] [-0.819462,0.621849,-3.075]
[-0.819462,0.621849,-3.075] [-1.117,0.506233,-3.15] [-0.8505,0.634349,-3.075]
[-0.819462,0.621849,-3.075] [-0.8505,0.634349,-3.075] [-0.689373,0.692158,-3.0375]
[-0.689373,0.692158,-3.0375] [-0.8505,0.634349,-3.075] [-0.71725,0.698408,-3.0375]
[-0.689373,0.692158,-3.0375] [-0.71725,0.698408,-3.0375] [-0.559283,0.762466,-3]
[-0.559283,0.762466,-3] [0.559283,0.762466,-3] [-0.689373,0.692158,-3.0375]
[-0.689373,0.692158,-3.0375] [0.559283,0.762466,-3] [0.689373,0.692158,-3.0375]
[-0.689373,0.692158,-3.0375] [0.689373,0.692158,-3.0375] [-0.819462,0.621849,-3.075]
[-0.819462,0.621849,-3.075] [0.689373,0.692158,-3.0375] [0.819462,0.621849,-3.075]
[-0.819462,0.621849,-3.075] [0.819462,0.621849,-3.075] [-1.079641,0.481233,-3.15]
[-1.079641,0.481233,-3.15] [0.819462,0.621849,-3.075] [1.079641,0.481233,-3.15]
[-1.079641,0.481233,-3.15] [1.079641,0.481233,-3.15] [-0.2,0.2,-3.3]
[-0.2,0.2,-3.3] [1.079641,0.481233,-3.15] [0.2,0.2,-3.3]
[0.2,0.2,-3.3] [1.079641,0.481233,-3.15] [1.6,0.2,-3.3]
[-0.2,0.2,-3.3] [-1.6,0.2,-3.3] [-1.079641,0.481233,-3.15]
[0.689373,0.692158,-3.0375] [0.559283,0.762466,-3] [0.71725,0.698408,-3.0375]
[0.71725,0.698408,-3.0375] [0.559283,0.762466,-3] [0.608717,0.762466,-3]
[0.71725,0.698408,-3.0375] [0.608717,0.762466,-3] [0.676922,0.733562,-3.01875]
[0.676922,0.733562,-3.01875] [0.745127,0.704658,-3.0375] [0.71725,0.698408,-3.0375]
[0.71725,0.698408,-3.0375] [0.745127,0.704658,-3.0375] [0.8505,0.634349,-3.075]
[0.71725,0.698408,-3.0375] [0.8505,0.634349,-3.075] [0.819462,0.621849,-3.075]
[0.819462,0.621849,-3.075] [0.8505,0.634349,-3.075] [1.079641,0.481233,-3.15]
[1.079641,0.481233,-3.15] [0.8505,0.634349,-3.075] [1.117,0.506233,-3.15]
[1.079641,0.481233,-3.15] [1.117,0.506233,-3.15] [1.6,0.2,-3.3]
[1.6,0.2,-3.3] [1.117,0.506233,-3.15] [1.7,0.3,-3.3]
[1.7,0.3,-3.3] [1.117,0.506233,-3.15] [1.154358,0.531233,-3.15]
[1.154358,0.531233,-3.15] [1.117,0.506233,-3.15] [0.881538,0.646849,-3.075]
[0.881538,0.646849,-3.075] [1.117,0.506233,-3.15] [0.8505,0.634349,-3.075]
[0.881538,0.646849,-3.075] [0.8505,0.634349,-3.075] [0.745127,0.704658,-3.0375]
[0.819462,0.621849,-3.075] [0.689373,0.692158,-3.0375] [0.71725,0.698408,-3.0375]
[0.608717,-0.762466,-3] [0.559283,-0.762466,-3] [0.676922,-0.733562,-3.01875]
[0.676922,-0.733562,-3.01875] [0.559283,-0.762466,-3] [0.71725,-0.698408,-3.0375]
[0.676922,-0.733562,-3.01875] [0.71725,-0.698408,-3.0375] [0.745127,-0.704658,-3.0375]
[0.745127,-0.704658,-3.0375] [0.71725,-0.698408,-3.0375] [0.881538,-0.646849,-3.075]
[0.881538,-0.646849,-3.075] [0.71725,-0.698408,-3.0375] [0.8505,-0.634349,-3.075]
[0.881538,-0.646849,-3.075] [0.8505,-0.634349,-3.075] [1.154358,-0.531233,-3.15]
[1.154358,-0.531233,-3.15] [0.8505,-0.634349,-3.075] [1.117,-0.506233,-3.15]
[1.154358,-0.531233,-3.15] [1.117,-0.506233,-3.15] [1.7,-0.3,-3.3]
[1.7,-0.3,-3.3] [1.117,-0.506233,-3.15] [1.6,-0.2,-3.3]
[1.6,-0.2,-3.3] [1.117,-0.506233,-3.15] [1.079641,-0.481233,-3.15]
[1.079641,-0.481233,-3.15] [1.117,-0.506233,-3.15] [0.819462,-0.621849,-3.075]
[0.819462,-0.621849,-3.075] [1.117,-0.506233,-3.15] [0.8505,-0.634349,-3.075]
[0.819462,-0.621849,-3.075] [0.8505,-0.634349,-3.075] [0.689373,-0.692158,-3.0375]
[0.689373,-0.692158,-3.0375] [0.8505,-0.634349,-3.075] [0.71725,-0.698408,-3.0375]
[0.689373,-0.692158,-3.0375] [0.71725,-0.698408,-3.0375] [0.559283,-0.762466,-3]
[-0.559283,-0.762466,-3] [-0.689373,-0.692158,-3.0375] [0.559283,-0.762466,-3]
[0.559283,-0.762466,-3] [-0.689373,-0.692158,-3.0375] [0.689373,-0.692158,-3.0375]
[0.689373,-0.692158,-3.0375] [-0.689373,-0.692158,-3.0375] [-0.819462,-0.621849,-3.075]
[0.689373,-0.692158,-3.0375] [-0.819462,-0.621849,-3.075] [0.819462,-0.621849,-3.075]
[0.819462,-0.621849,-3.075] [-0.819462,-0.621849,-3.075] [-1.079641,-0.481233,-3.15]
[0.819462,-0.621849,-3.075] [-1.079641,-0.481233,-3.15] [1.079641,-0.481233,-3.15]
[1.079641,-0.481233,-3.15] [-1.079641,-0.481233,-3.15] [-0.2,-0.2,-3.3]
[1.079641,-0.481233,-3.15] [-0.2,-0.2,-3.3] [0.2,-0.2,-3.3]
[-1.079641,-0.481233,-3.15] [-1.6,-0.2,-3.3] [-0.2,-0.2,-3.3]
[0.2,-0.2,-3.3] [1.6,-0.2,-3.3] [1.079641,-0.481233,-3.15]
[-0.689373,-0.692158,-3.0375] [-0.559283,-0.762466,-3] [-0.71725,-0.698408,-3.0375]
[-0.71725,-0.698408,-3.0375] [-0.559283,-0.762466,-3] [-0.608717,-0.762466,-3]
[-0.71725,-0.698408,-3.0375] [-0.608717,-0.762466,-3] [-0.676922,-0.733562,-3.01875]
[-0.676922,-0.733562,-3.01875] [-0.745127,-0.704658,-3.0375] [-0.71725,-0.698408,-3.0375]
[-0.71725,-0.698408,-3.0375] [-0.745127,-0.704658,-3.0375] [-0.8505,-0.634349,-3.075]
[-0.71725,-0.698408,-3.0375] [-0.8505,-0.634349,-3.075] [-0.819462,-0.621849,-3.075]
[-0.819462,-0.621849,-3.075] [-0.8505,-0.634349,-3.075] [-1.079641,-0.481233,-3.15]
[-1.079641,-0.481233,-3.15] [-0.8505,-0.634349,-3.075] [-1.117,-0.506233,-3.15]
[-1.079641,-0.481233,-3.15] [-1.117,-0.506233,-3.15] [-1.6,-0.2,-3.3]
[-1.6,-0.2,-3.3] [-1.117,-0.506233,-3.15] [-1.7,-0.3,-3.3]
[-1.7,-0.3,-3.3] [-1.117,-0.506233,-3.15] [-1.154359,-0.531233,-3.15]
[-1.154359,-0.531233,-3.15] [-1.117,-0.506233,-3.15] [-0.881538,-0.646849,-3.075]
[-0.881538,-0.646849,-3.075] [-1.117,-0.506233,-3.15] [-0.8505,-0.634349,-3.075]
[-0.881538,-0.646849,-3.075] [-0.8505,-0.634349,-3.075] [-0.745127,-0.704658,-3.0375]
[-0.819462,-0.621849,-3.075] [-0.689373,-0.692158,-3.0375] [-0.71725,-0.698408,-3.0375]
[1.371183,-0,-3] [0.608717,0.762466,-3] [1,0,0]
[1,0,0] [0.608717,0.762466,-3] [0.5,0.5,0]
[0.608717,0.762466,-3] [0.559283,0.762466,-3] [0.5,0.5,0]
[0.5,0.5,0] [0.559283,0.762466,-3] [0.394768,0.5,0]
[0.394768,0.5,0] [0.559283,0.762466,-3] [0.252505,0.5,0]
[0.252505,0.5,0] [0.559283,0.762466,-3] [0.110241,0.5,0]
[0.110241,0.5,0] [0.559283,0.762466,-3] [-0.559283,0.762466,-3]
[0.110241,0.5,0] [-0.559283,0.762466,-3] [-0.110241,0.5,0]
[-0.110241,0.5,0] [-0.559283,0.762466,-3] [-0.252505,0.5,0]
[-0.252505,0.5,0] [-0.559283,0.762466,-3] [-0.394768,0.5,0]
[-0.394768,0.5,0] [-0.559283,0.762466,-3] [-0.5,0.5,0]
[-0.5,0.5,0] [-0.559283,0.762466,-3] [-0.608717,0.762466,-3]
[-1.371183,0,-3] [-1,0,0] [-0.608717,0.762466,-3]
[-0.608717,0.762466,-3] [-1,0,0] [-0.5,0.5,0]
[-1.371183,0,-3] [-0.608717,-0.762466,-3] [-1,0,0]
[-1,0,0] [-0.608717,-0.762466,-3] [-0.5,-0.5,0]
[-0.608717,-0.762466,-3] [-0.559283,-0.762466,-3] [-0.5,-0.5,0]
[-0.5,-0.5,0] [-0.559283,-0.762466,-3] [-0.394768,-0.5,0]
[-0.394768,-0.5,0] [-0.559283,-0.762466,-3] [-0.252505,-0.5,0]
[-0.252505,-0.5,0] [-0.559283,-0.762466,-3] [-0.110241,-0.5,0]
[-0.110241,-0.5,0] [-0.559283,-0.762466,-3] [0.559283,-0.762466,-3]
[-0.110241,-0.5,0] [0.559283,-0.762466,-3] [0.110241,-0.5,0]
[0.110241,-0.5,0] [0.559283,-0.762466,-3] [0.252505,-0.5,0]
[0.252505,-0.5,0] [0.559283,-0.762466,-3] [0.394768,-0.5,0]
[0.394768,-0.5,0] [0.559283,-0.762466,-3] [0.5,-0.5,0]
[0.5,-0.5,0] [0.559283,-0.762466,-3] [0.608717,-0.762466,-3]
[1.371183,-0,-3] [1,0,0] [0.608717,-0.762466,-3]
[0.608717,-0.762466,-3] [1,0,0] [0.5,-0.5,0]
[-0.465793,0,5.1] [-0.7,0.234207,5.1] [-0.465793,0.7,5.1]
[-0.465793,0.7,5.1] [-0.7,0.234207,5.1] [-0.934207,0.7,5.1]
[-0.934207,0.7,5.1] [-0.7,0.234207,5.1] [-0.934207,0,5.1]
[-0.934207,0,5.1] [-0.7,-0.234207,5.1] [-0.934207,0,5.35]
[-0.934207,0,5.35] [-0.7,-0.234207,5.1] [-0.7,-0.234207,5.35]
[-0.934207,0.7,5.1] [-0.934207,0,5.1] [-0.934207,0.7,5.35]
[-0.934207,0.7,5.35] [-0.934207,0,5.1] [-0.934207,0,5.35]
[-0.465793,0.7,5.1] [-0.934207,0.7,5.1] [-0.465793,0.7,5.35]
[-0.465793,0.7,5.35] [-0.934207,0.7,5.1] [-0.934207,0.7,5.35]
[-0.465793,0,5.1] [-0.465793,0.7,5.1] [-0.465793,0,5.35]
[-0.465793,0,5.35] [-0.465793,0.7,5.1] [-0.465793,0.7,5.35]
[-0.7,-0.234207,5.1] [-0.465793,0,5.1] [-0.7,-0.234207,5.35]
[-0.7,-0.234207,5.35] [-0.465793,0,5.1] [-0.465793,0,5.35]
[-0.934207,0,5.35] [-0.7,-0.234207,5.35] [-0.934207,0.7,5.35]
[-0.934207,0.7,5.35] [-0.7,-0.234207,5.35] [-0.465793,0,5.35]
[-0.934207,0.7,5.35] [-0.465793,0,5.35] [-0.465793,0.7,5.35]
[0.7,-0.234207,5.1] [0.934207,-0,5.1] [0.7,-0.234207,5.35]
[0.7,-0.234207,5.35] [0.934207,-0,5.1] [0.934207,0,5.35]
[0.465793,0,5.1] [0.7,-0.234207,5.1] [0.465793,0,5.35]
[0.465793,0,5.35] [0.7,-0.234207,5.1] [0.7,-0.234207,5.35]
[0.465793,0.7,5.1] [0.465793,0,5.1] [0.465793,0.7,5.35]
[0.465793,0.7,5.35] [0.465793,0,5.1] [0.465793,0,5.35]
[0.934207,0.7,5.1] [0.465793,0.7,5.1] [0.934207,0.7,5.35]
[0.934207,0.7,5.35] [0.465793,0.7,5.1] [0.465793,0.7,5.35]
[0.934207,-0,5.1] [0.934207,0.7,5.1] [0.934207,0,5.35]
[0.934207,0,5.35] [0.934207,0.7,5.1] [0.934207,0.7,5.35]
[0.934207,0.7,5.35] [0.465793,0.7,5.35] [0.934207,0,5.35]
[0.934207,0,5.35] [0.465793,0.7,5.35] [0.7,-0.234207,5.35]
[0.7,-0.234207,5.35] [0.465793,0.7,5.35] [0.465793,0,5.35]
[0.465793,0,5.1] [0.465793,0.7,5.1] [0.7,0.234207,5.1]
[0.7,0.234207,5.1] [0.465793,0.7,5.1] [0.934207,0.7,5.1]
[0.7,0.234207,5.1] [0.934207,0.7,5.1] [0.934207,-0,5.1]
[-0.934207,0,5.1] [-0.7,0.234207,5.1] [-1.082439,-0,3.1]
[-1.082439,-0,3.1] [-0.7,0.234207,5.1] [-0.7,0.382439,3.1]
[-0.7,0.234207,5.1] [-0.465793,0,5.1] [-0.7,0.382439,3.1]
[-0.7,0.382439,3.1] [-0.465793,0,5.1] [-0.317561,0,3.1]
[-0.465793,0,5.1] [-0.7,-0.234207,5.1] [-0.317561,0,3.1]
[-0.317561,0,3.1] [-0.7,-0.234207,5.1] [-0.7,-0.382439,3.1]
[-0.7,-0.234207,5.1] [-0.934207,0,5.1] [-0.7,-0.382439,3.1]
[-0.7,-0.382439,3.1] [-0.934207,0,5.1] [-1.082439,-0,3.1]
[0.465793,0,5.1] [0.7,0.234207,5.1] [0.317561,0,3.1]
[0.317561,0,3.1] [0.7,0.234207,5.1] [0.7,0.382439,3.1]
[0.7,0.234207,5.1] [0.934207,-0,5.1] [0.7,0.382439,3.1]
[0.7,0.382439,3.1] [0.934207,-0,5.1] [1.082439,0,3.1]
[0.934207,-0,5.1] [0.7,-0.234207,5.1] [1.082439,0,3.1]
[1.082439,0,3.1] [0.7,-0.234207,5.1] [0.7,-0.382439,3.1]
[0.7,-0.234207,5.1] [0.465793,0,5.1] [0.7,-0.382439,3.1]
[0.7,-0.382439,3.1] [0.465793,0,5.1] [0.317561,0,3.1]
[0.7,0.382439,2.6] [0.317561,0,2.6] [0.7,0.382439,3.1]
[0.7,0.382439,3.1] [0.317561,0,2.6] [0.317561,0,3.1]
[1.082439,-0,2.6] [0.7,0.382439,2.6] [1.082439,0,3.1]
[1.082439,0,3.1] [0.7,0.382439,2.6] [0.7,0.382439,3.1]
[0.7,-0.382439,2.6] [1.082439,-0,2.6] [0.7,-0.382439,3.1]
[0.7,-0.382439,3.1] [1.082439,-0,2.6] [1.082439,0,3.1]
[0.317561,0,2.6] [0.7,-0.382439,2.6] [0.317561,0,3.1]
[0.317561,0,3.1] [0.7,-0.382439,2.6] [0.7,-0.382439,3.1]
[-0.7,0.382439,2.6] [-1.082439,-0,2.6] [-0.7,0.382439,3.1]
[-0.7,0.382439,3.1] [-1.082439,-0,2.6] [-1.082439,-0,3.1]
[-0.317561,0,2.6] [-0.7,0.382439,2.6] [-0.317561,0,3.1]
[-0.317561,0,3.1] [-0.7,0.382439,2.6] [-0.7,0.382439,3.1]
[-0.7,-0.382439,2.6] [-0.317561,0,2.6] [-0.7,-0.382439,3.1]
[-0.7,-0.382439,3.1] [-0.317561,0,2.6] [-0.317561,0,3.1]
[-1.082439,-0,2.6] [-0.7,-0.382439,2.6] [-1.082439,-0,3.1]
[-1.082439,-0,3.1] [-0.7,-0.382439,2.6] [-0.7,-0.382439,3.1]
[-0.7,-0.382439,2.6] [-1.082439,-0,2.6] [-0.7,-0.6,0.4]
[-0.7,-0.6,0.4] [-1.082439,-0,2.6] [-1.3,0,0.4]
[-1.082439,-0,2.6] [-0.7,0.382439,2.6] [-1.3,0,0.4]
[-1.3,0,0.4] [-0.7,0.382439,2.6] [-0.7,0.6,0.4]
[-0.317561,0,2.6] [-0.45,0.35,0.4] [-0.7,0.382439,2.6]
[-0.7,0.382439,2.6] [-0.45,0.35,0.4] [-0.575,0.475,0.4]
[-0.7,0.382439,2.6] [-0.575,0.475,0.4] [-0.7,0.6,0.4]
[-0.1,0,0.4] [-0.2,0.1,0.4] [-0.317561,0,2.6]
[-0.317561,0,2.6] [-0.2,0.1,0.4] [-0.45,0.35,0.4]
[-0.7,-0.382439,2.6] [-0.45,-0.35,0.4] [-0.317561,0,2.6]
[-0.317561,0,2.6] [-0.45,-0.35,0.4] [-0.2,-0.1,0.4]
[-0.317561,0,2.6] [-0.2,-0.1,0.4] [-0.1,0,0.4]
[-0.7,-0.6,0.4] [-0.575,-0.475,0.4] [-0.7,-0.382439,2.6]
[-0.7,-0.382439,2.6] [-0.575,-0.475,0.4] [-0.45,-0.35,0.4]
[0.2,0.1,0.4] [-0.2,0.1,0.4] [0.1,-0,0.4]
[0.1,-0,0.4] [-0.2,0.1,0.4] [-0.1,0,0.4]
[0.1,-0,0.4] [-0.1,0,0.4] [0.2,-0.1,0.4]
[0.2,-0.1,0.4] [-0.1,0,0.4] [-0.2,-0.1,0.4]
[0.317561,0,2.6] [0.45,-0.35,0.4] [0.7,-0.382439,2.6]
[0.7,-0.382439,2.6] [0.45,-0.35,0.4] [0.575,-0.475,0.4]
[0.7,-0.382439,2.6] [0.575,-0.475,0.4] [0.7,-0.6,0.4]
[0.1,-0,0.4] [0.2,-0.1,0.4] [0.317561,0,2.6]
[0.317561,0,2.6] [0.2,-0.1,0.4] [0.45,-0.35,0.4]
[0.7,0.382439,2.6] [0.45,0.35,0.4] [0.317561,0,2.6]
[0.317561,0,2.6] [0.45,0.35,0.4] [0.2,0.1,0.4]
[0.317561,0,2.6] [0.2,0.1,0.4] [0.1,-0,0.4]
[0.7,0.6,0.4] [0.575,0.475,0.4] [0.7,0.382439,2.6]
[0.7,0.382439,2.6] [0.575,0.475,0.4] [0.45,0.35,0.4]
[0.7,0.382439,2.6] [1.082439,-0,2.6] [0.7,0.6,0.4]
[0.7,0.6,0.4] [1.082439,-0,2.6] [1.3,0,0.4]
[1.082439,-0,2.6] [0.7,-0.382439,2.6] [1.3,0,0.4]
[1.3,0,0.4] [0.7,-0.382439,2.6] [0.7,-0.6,0.4]
[1.3,0,0.4] [0.7,-0.6,0.4] [1,0,0]
[1,0,0] [0.7,-0.6,0.4] [0.6,-0.55,0.2]
[1,0,0] [0.6,-0.55,0.2] [0.5,-0.5,0]
[0.575,-0.475,0.4] [0.614223,-0.532813,0.35] [0.7,-0.6,0.4]
[0.7,-0.6,0.4] [0.614223,-0.532813,0.35] [0.590945,-0.528125,0.3]
[0.7,-0.6,0.4] [0.590945,-0.528125,0.3] [0.6,-0.55,0.2]
[0.6,-0.55,0.2] [0.590945,-0.528125,0.3] [0.567668,-0.523438,0.25]
[0.6,-0.55,0.2] [0.567668,-0.523438,0.25] [0.54439,-0.51875,0.2]
[0.54439,-0.51875,0.2] [0.567668,-0.523438,0.25] [0.510335,-0.484375,0.25]
[0.54439,-0.51875,0.2] [0.510335,-0.484375,0.25] [0.48878,-0.4875,0.2]
[0.48878,-0.4875,0.2] [0.510335,-0.484375,0.25] [0.453003,-0.445313,0.25]
[0.48878,-0.4875,0.2] [0.453003,-0.445313,0.25] [0.43317,-0.45625,0.2]
[0.43317,-0.45625,0.2] [0.453003,-0.445313,0.25] [0.39567,-0.40625,0.25]
[0.43317,-0.45625,0.2] [0.39567,-0.40625,0.25] [0.37756,-0.425,0.2]
[0.37756,-0.425,0.2] [0.39567,-0.40625,0.25] [0.281005,-0.328125,0.25]
[0.37756,-0.425,0.2] [0.281005,-0.328125,0.25] [0.26634,-0.3625,0.2]
[0.26634,-0.3625,0.2] [0.281005,-0.328125,0.25] [0.15512,-0.3,0.2]
[0.26634,-0.3625,0.2] [0.15512,-0.3,0.2] [0.251675,-0.396875,0.15]
[0.251675,-0.396875,0.15] [0.15512,-0.3,0.2] [0.23701,-0.43125,0.1]
[0.251675,-0.396875,0.15] [0.23701,-0.43125,0.1] [0.34134,-0.4625,0.1]
[0.34134,-0.4625,0.1] [0.23701,-0.43125,0.1] [0.32323,-0.48125,0.05]
[0.34134,-0.4625,0.1] [0.32323,-0.48125,0.05] [0.373673,-0.489063,0.05]
[0.373673,-0.489063,0.05] [0.32323,-0.48125,0.05] [0.394768,-0.5,0]
[0.373673,-0.489063,0.05] [0.394768,-0.5,0] [0.424115,-0.496875,0.05]
[0.424115,-0.496875,0.05] [0.394768,-0.5,0] [0.474558,-0.504688,0.05]
[0.424115,-0.496875,0.05] [0.474558,-0.504688,0.05] [0.44567,-0.49375,0.1]
[0.44567,-0.49375,0.1] [0.474558,-0.504688,0.05] [0.497835,-0.509375,0.1]
[0.44567,-0.49375,0.1] [0.497835,-0.509375,0.1] [0.467225,-0.490625,0.15]
[0.467225,-0.490625,0.15] [0.497835,-0.509375,0.1] [0.521113,-0.514063,0.15]
[0.467225,-0.490625,0.15] [0.521113,-0.514063,0.15] [0.48878,-0.4875,0.2]
[0.48878,-0.4875,0.2] [0.521113,-0.514063,0.15] [0.54439,-0.51875,0.2]
[0.45,-0.35,0.4] [0.492668,-0.423438,0.35] [0.575,-0.475,0.4]
[0.575,-0.475,0.4] [0.492668,-0.423438,0.35] [0.553445,-0.478125,0.35]
[0.575,-0.475,0.4] [0.553445,-0.478125,0.35] [0.614223,-0.532813,0.35]
[0.614223,-0.532813,0.35] [0.553445,-0.478125,0.35] [0.590945,-0.528125,0.3]
[0.2,-0.1,0.4] [0.310335,-0.259375,0.35] [0.45,-0.35,0.4]
[0.45,-0.35,0.4] [0.310335,-0.259375,0.35] [0.43189,-0.36875,0.35]
[0.45,-0.35,0.4] [0.43189,-0.36875,0.35] [0.492668,-0.423438,0.35]
[0.492668,-0.423438,0.35] [0.43189,-0.36875,0.35] [0.472835,-0.434375,0.3]
[0.492668,-0.423438,0.35] [0.472835,-0.434375,0.3] [0.53189,-0.48125,0.3]
[0.53189,-0.48125,0.3] [0.472835,-0.434375,0.3] [0.510335,-0.484375,0.25]
[0.53189,-0.48125,0.3] [0.510335,-0.484375,0.25] [0.567668,-0.523438,0.25]
[0.310335,-0.259375,0.35] [0.2,-0.1,0.4] [0.29567,-0.29375,0.3]
[0.29567,-0.29375,0.3] [0.2,-0.1,0.4] [0.15512,-0.3,0.2]
[0.29567,-0.29375,0.3] [0.15512,-0.3,0.2] [0.281005,-0.328125,0.25]
[0.15512,-0.3,0.2] [0.110241,-0.5,0] [0.23701,-0.43125,0.1]
[0.23701,-0.43125,0.1] [0.110241,-0.5,0] [0.222345,-0.465625,0.05]
[0.23701,-0.43125,0.1] [0.222345,-0.465625,0.05] [0.32323,-0.48125,0.05]
[0.32323,-0.48125,0.05] [0.222345,-0.465625,0.05] [0.252505,-0.5,0]
[0.32323,-0.48125,0.05] [0.252505,-0.5,0] [0.394768,-0.5,0]
[0.110241,-0.5,0] [0.252505,-0.5,0] [0.222345,-0.465625,0.05]
[0.394768,-0.5,0] [0.5,-0.5,0] [0.474558,-0.504688,0.05]
[0.474558,-0.504688,0.05] [0.5,-0.5,0] [0.497835,-0.509375,0.1]
[0.5,-0.5,0] [0.6,-0.55,0.2] [0.497835,-0.509375,0.1]
[0.497835,-0.509375,0.1] [0.6,-0.55,0.2] [0.521113,-0.514063,0.15]
[0.6,-0.55,0.2] [0.54439,-0.51875,0.2] [0.521113,-0.514063,0.15]
[0.43189,-0.36875,0.35] [0.310335,-0.259375,0.35] [0.41378,-0.3875,0.3]
[0.41378,-0.3875,0.3] [0.310335,-0.259375,0.35] [0.29567,-0.29375,0.3]
[0.41378,-0.3875,0.3] [0.29567,-0.29375,0.3] [0.39567,-0.40625,0.25]
[0.39567,-0.40625,0.25] [0.29567,-0.29375,0.3] [0.281005,-0.328125,0.25]
[0.590945,-0.528125,0.3] [0.553445,-0.478125,0.35] [0.53189,-0.48125,0.3]
[0.53189,-0.48125,0.3] [0.553445,-0.478125,0.35] [0.492668,-0.423438,0.35]
[0.37756,-0.425,0.2] [0.26634,-0.3625,0.2] [0.35945,-0.44375,0.15]
[0.35945,-0.44375,0.15] [0.26634,-0.3625,0.2] [0.251675,-0.396875,0.15]
[0.35945,-0.44375,0.15] [0.251675,-0.396875,0.15] [0.34134,-0.4625,0.1]
[0.43317,-0.45625,0.2] [0.37756,-0.425,0.2] [0.413338,-0.467188,0.15]
[0.413338,-0.467188,0.15] [0.37756,-0.425,0.2] [0.35945,-0.44375,0.15]
[0.413338,-0.467188,0.15] [0.35945,-0.44375,0.15] [0.393505,-0.478125,0.1]
[0.393505,-0.478125,0.1] [0.35945,-0.44375,0.15] [0.34134,-0.4625,0.1]
[0.393505,-0.478125,0.1] [0.34134,-0.4625,0.1] [0.373673,-0.489063,0.05]
[0.48878,-0.4875,0.2] [0.43317,-0.45625,0.2] [0.467225,-0.490625,0.15]
[0.467225,-0.490625,0.15] [0.43317,-0.45625,0.2] [0.413338,-0.467188,0.15]
[0.467225,-0.490625,0.15] [0.413338,-0.467188,0.15] [0.44567,-0.49375,0.1]
[0.44567,-0.49375,0.1] [0.413338,-0.467188,0.15] [0.393505,-0.478125,0.1]
[0.44567,-0.49375,0.1] [0.393505,-0.478125,0.1] [0.424115,-0.496875,0.05]
[0.424115,-0.496875,0.05] [0.393505,-0.478125,0.1] [0.373673,-0.489063,0.05]
[0.590945,-0.528125,0.3] [0.53189,-0.48125,0.3] [0.567668,-0.523438,0.25]
[0.41378,-0.3875,0.3] [0.39567,-0.40625,0.25] [0.453003,-0.445313,0.25]
[0.41378,-0.3875,0.3] [0.453003,-0.445313,0.25] [0.472835,-0.434375,0.3]
[0.472835,-0.434375,0.3] [0.453003,-0.445313,0.25] [0.510335,-0.484375,0.25]
[0.41378,-0.3875,0.3] [0.472835,-0.434375,0.3] [0.43189,-0.36875,0.35]
[0.2,-0.1,0.4] [-0.2,-0.1,0.4] [0.15512,-0.3,0.2]
[0.15512,-0.3,0.2] [-0.2,-0.1,0.4] [-0.15512,-0.3,0.2]
[0.15512,-0.3,0.2] [-0.15512,-0.3,0.2] [0.110241,-0.5,0]
[0.110241,-0.5,0] [-0.15512,-0.3,0.2] [-0.110241,-0.5,0]
[-0.45,-0.35,0.4] [-0.310335,-0.259375,0.35] [-0.2,-0.1,0.4]
[-0.2,-0.1,0.4] [-0.310335,-0.259375,0.35] [-0.29567,-0.29375,0.3]
[-0.2,-0.1,0.4] [-0.29567,-0.29375,0.3] [-0.15512,-0.3,0.2]
[-0.15512,-0.3,0.2] [-0.29567,-0.29375,0.3] [-0.281005,-0.328125,0.25]
[-0.15512,-0.3,0.2] [-0.281005,-0.328125,0.25] [-0.26634,-0.3625,0.2]
[-0.26634,-0.3625,0.2] [-0.281005,-0.328125,0.25] [-0.39567,-0.40625,0.25]
[-0.26634,-0.3625,0.2] [-0.39567,-0.40625,0.25] [-0.37756,-0.425,0.2]
[-0.37756,-0.425,0.2] [-0.39567,-0.40625,0.25] [-0.453003,-0.445313,0.25]
[-0.37756,-0.425,0.2] [-0.453003,-0.445313,0.25] [-0.43317,-0.45625,0.2]
[-0.43317,-0.45625,0.2] [-0.453003,-0.445313,0.25] [-0.510335,-0.484375,0.25]
[-0.43317,-0.45625,0.2] [-0.510335,-0.484375,0.25] [-0.48878,-0.4875,0.2]
[-0.48878,-0.4875,0.2] [-0.510335,-0.484375,0.25] [-0.567668,-0.523438,0.25]
[-0.48878,-0.4875,0.2] [-0.567668,-0.523438,0.25] [-0.54439,-0.51875,0.2]
[-0.54439,-0.51875,0.2] [-0.567668,-0.523438,0.25] [-0.6,-0.55,0.2]
[-0.54439,-0.51875,0.2] [-0.6,-0.55,0.2] [-0.521113,-0.514063,0.15]
[-0.521113,-0.514063,0.15] [-0.6,-0.55,0.2] [-0.497835,-0.509375,0.1]
[-0.521113,-0.514063,0.15] [-0.497835,-0.509375,0.1] [-0.44567,-0.49375,0.1]
[-0.44567,-0.49375,0.1] [-0.497835,-0.509375,0.1] [-0.424115,-0.496875,0.05]
[-0.44567,-0.49375,0.1] [-0.424115,-0.496875,0.05] [-0.373673,-0.489063,0.05]
[-0.373673,-0.489063,0.05] [-0.424115,-0.496875,0.05] [-0.394768,-0.5,0]
[-0.373673,-0.489063,0.05] [-0.394768,-0.5,0] [-0.32323,-0.48125,0.05]
[-0.32323,-0.48125,0.05] [-0.394768,-0.5,0] [-0.252505,-0.5,0]
[-0.32323,-0.48125,0.05] [-0.252505,-0.5,0] [-0.222345,-0.465625,0.05]
[-0.222345,-0.465625,0.05] [-0.252505,-0.5,0] [-0.110241,-0.5,0]
[-0.222345,-0.465625,0.05] [-0.110241,-0.5,0] [-0.23701,-0.43125,0.1]
[-0.23701,-0.43125,0.1] [-0.110241,-0.5,0] [-0.15512,-0.3,0.2]
[-0.23701,-0.43125,0.1] [-0.15512,-0.3,0.2] [-0.251675,-0.396875,0.15]
[-0.251675,-0.396875,0.15] [-0.15512,-0.3,0.2] [-0.26634,-0.3625,0.2]
[-0.251675,-0.396875,0.15] [-0.26634,-0.3625,0.2] [-0.37756,-0.425,0.2]
[-0.575,-0.475,0.4] [-0.492668,-0.423438,0.35] [-0.45,-0.35,0.4]
[-0.45,-0.35,0.4] [-0.492668,-0.423438,0.35] [-0.43189,-0.36875,0.35]
[-0.45,-0.35,0.4] [-0.43189,-0.36875,0.35] [-0.310335,-0.259375,0.35]
[-0.310335,-0.259375,0.35] [-0.43189,-0.36875,0.35] [-0.29567,-0.29375,0.3]
[-0.7,-0.6,0.4] [-0.614223,-0.532813,0.35] [-0.575,-0.475,0.4]
[-0.575,-0.475,0.4] [-0.614223,-0.532813,0.35] [-0.553445,-0.478125,0.35]
[-0.575,-0.475,0.4] [-0.553445,-0.478125,0.35] [-0.492668,-0.423438,0.35]
[-0.492668,-0.423438,0.35] [-0.553445,-0.478125,0.35] [-0.472835,-0.434375,0.3]
[-0.492668,-0.423438,0.35] [-0.472835,-0.434375,0.3] [-0.41378,-0.3875,0.3]
[-0.41378,-0.3875,0.3] [-0.472835,-0.434375,0.3] [-0.39567,-0.40625,0.25]
[-0.41378,-0.3875,0.3] [-0.39567,-0.40625,0.25] [-0.281005,-0.328125,0.25]
[-0.614223,-0.532813,0.35] [-0.7,-0.6,0.4] [-0.590945,-0.528125,0.3]
[-0.590945,-0.528125,0.3] [-0.7,-0.6,0.4] [-0.6,-0.55,0.2]
[-0.590945,-0.528125,0.3] [-0.6,-0.55,0.2] [-0.567668,-0.523438,0.25]
[-0.6,-0.55,0.2] [-0.5,-0.5,0] [-0.497835,-0.509375,0.1]
[-0.497835,-0.509375,0.1] [-0.5,-0.5,0] [-0.474558,-0.504688,0.05]
[-0.497835,-0.509375,0.1] [-0.474558,-0.504688,0.05] [-0.424115,-0.496875,0.05]
[-0.424115,-0.496875,0.05] [-0.474558,-0.504688,0.05] [-0.394768,-0.5,0]
[-0.5,-0.5,0] [-0.394768,-0.5,0] [-0.474558,-0.504688,0.05]
[-0.553445,-0.478125,0.35] [-0.614223,-0.532813,0.35] [-0.53189,-0.48125,0.3]
[-0.53189,-0.48125,0.3] [-0.614223,-0.532813,0.35] [-0.590945,-0.528125,0.3]
[-0.53189,-0.48125,0.3] [-0.590945,-0.528125,0.3] [-0.510335,-0.484375,0.25]
[-0.510335,-0.484375,0.25] [-0.590945,-0.528125,0.3] [-0.567668,-0.523438,0.25]
[-0.29567,-0.29375,0.3] [-0.43189,-0.36875,0.35] [-0.41378,-0.3875,0.3]
[-0.41378,-0.3875,0.3] [-0.43189,-0.36875,0.35] [-0.492668,-0.423438,0.35]
[-0.48878,-0.4875,0.2] [-0.54439,-0.51875,0.2] [-0.467225,-0.490625,0.15]
[-0.467225,-0.490625,0.15] [-0.54439,-0.51875,0.2] [-0.521113,-0.514063,0.15]
[-0.467225,-0.490625,0.15] [-0.521113,-0.514063,0.15] [-0.44567,-0.49375,0.1]
[-0.43317,-0.45625,0.2] [-0.48878,-0.4875,0.2] [-0.413338,-0.467188,0.15]
[-0.413338,-0.467188,0.15] [-0.48878,-0.4875,0.2] [-0.467225,-0.490625,0.15]
[-0.413338,-0.467188,0.15] [-0.467225,-0.490625,0.15] [-0.393505,-0.478125,0.1]
[-0.393505,-0.478125,0.1] [-0.467225,-0.490625,0.15] [-0.44567,-0.49375,0.1]
[-0.393505,-0.478125,0.1] [-0.44567,-0.49375,0.1] [-0.373673,-0.489063,0.05]
[-0.37756,-0.425,0.2] [-0.43317,-0.45625,0.2] [-0.35945,-0.44375,0.15]
[-0.35945,-0.44375,0.15] [-0.43317,-0.45625,0.2] [-0.413338,-0.467188,0.15]
[-0.35945,-0.44375,0.15] [-0.413338,-0.467188,0.15] [-0.34134,-0.4625,0.1]
[-0.34134,-0.4625,0.1] [-0.413338,-0.467188,0.15] [-0.393505,-0.478125,0.1]
[-0.34134,-0.4625,0.1] [-0.393505,-0.478125,0.1] [-0.32323,-0.48125,0.05]
[-0.32323,-0.48125,0.05] [-0.393505,-0.478125,0.1] [-0.373673,-0.489063,0.05]
[-0.23701,-0.43125,0.1] [-0.251675,-0.396875,0.15] [-0.35945,-0.44375,0.15]
[-0.35945,-0.44375,0.15] [-0.251675,-0.396875,0.15] [-0.37756,-0.425,0.2]
[-0.23701,-0.43125,0.1] [-0.35945,-0.44375,0.15] [-0.34134,-0.4625,0.1]
[-0.34134,-0.4625,0.1] [-0.32323,-0.48125,0.05] [-0.222345,-0.465625,0.05]
[-0.23701,-0.43125,0.1] [-0.34134,-0.4625,0.1] [-0.222345,-0.465625,0.05]
[-0.29567,-0.29375,0.3] [-0.41378,-0.3875,0.3] [-0.281005,-0.328125,0.25]
[-0.53189,-0.48125,0.3] [-0.510335,-0.484375,0.25] [-0.453003,-0.445313,0.25]
[-0.53189,-0.48125,0.3] [-0.453003,-0.445313,0.25] [-0.472835,-0.434375,0.3]
[-0.472835,-0.434375,0.3] [-0.453003,-0.445313,0.25] [-0.39567,-0.40625,0.25]
[-0.53189,-0.48125,0.3] [-0.472835,-0.434375,0.3] [-0.553445,-0.478125,0.35]
[-1.3,0,0.4] [-1,0,0] [-0.7,-0.6,0.4]
[-0.7,-0.6,0.4] [-1,0,0] [-0.6,-0.55,0.2]
[-0.6,-0.55,0.2] [-1,0,0] [-0.5,-0.5,0]
[-1.3,0,0.4] [-0.7,0.6,0.4] [-1,0,0]
[-1,0,0] [-0.7,0.6,0.4] [-0.6,0.55,0.2]
[-1,0,0] [-0.6,0.55,0.2] [-0.5,0.5,0]
[-0.575,0.475,0.4] [-0.614223,0.532813,0.35] [-0.7,0.6,0.4]
[-0.7,0.6,0.4] [-0.614223,0.532813,0.35] [-0.590945,0.528125,0.3]
[-0.7,0.6,0.4] [-0.590945,0.528125,0.3] [-0.6,0.55,0.2]
[-0.6,0.55,0.2] [-0.590945,0.528125,0.3] [-0.567668,0.523438,0.25]
[-0.6,0.55,0.2] [-0.567668,0.523438,0.25] [-0.54439,0.51875,0.2]
[-0.54439,0.51875,0.2] [-0.567668,0.523438,0.25] [-0.510335,0.484375,0.25]
[-0.54439,0.51875,0.2] [-0.510335,0.484375,0.25] [-0.48878,0.4875,0.2]
[-0.48878,0.4875,0.2] [-0.510335,0.484375,0.25] [-0.453003,0.445313,0.25]
[-0.48878,0.4875,0.2] [-0.453003,0.445313,0.25] [-0.43317,0.45625,0.2]
[-0.43317,0.45625,0.2] [-0.453003,0.445313,0.25] [-0.39567,0.40625,0.25]
[-0.43317,0.45625,0.2] [-0.39567,0.40625,0.25] [-0.37756,0.425,0.2]
[-0.37756,0.425,0.2] [-0.39567,0.40625,0.25] [-0.281005,0.328125,0.25]
[-0.37756,0.425,0.2] [-0.281005,0.328125,0.25] [-0.26634,0.3625,0.2]
[-0.26634,0.3625,0.2] [-0.281005,0.328125,0.25] [-0.15512,0.3,0.2]
[-0.26634,0.3625,0.2] [-0.15512,0.3,0.2] [-0.251675,0.396875,0.15]
[-0.251675,0.396875,0.15] [-0.15512,0.3,0.2] [-0.23701,0.43125,0.1]
[-0.251675,0.396875,0.15] [-0.23701,0.43125,0.1] [-0.34134,0.4625,0.1]
[-0.34134,0.4625,0.1] [-0.23701,0.43125,0.1] [-0.32323,0.48125,0.05]
[-0.34134,0.4625,0.1] [-0.32323,0.48125,0.05] [-0.373673,0.489063,0.05]
[-0.373673,0.489063,0.05] [-0.32323,0.48125,0.05] [-0.394768,0.5,0]
[-0.373673,0.489063,0.05] [-0.394768,0.5,0] [-0.424115,0.496875,0.05]
[-0.424115,0.496875,0.05] [-0.394768,0.5,0] [-0.474558,0.504688,0.05]
[-0.424115,0.496875,0.05] [-0.474558,0.504688,0.05] [-0.44567,0.49375,0.1]
[-0.44567,0.49375,0.1] [-0.474558,0.504688,0.05] [-0.497835,0.509375,0.1]
[-0.44567,0.49375,0.1] [-0.497835,0.509375,0.1] [-0.467225,0.490625,0.15]
[-0.467225,0.490625,0.15] [-0.497835,0.509375,0.1] [-0.521113,0.514063,0.15]
[-0.467225,0.490625,0.15] [-0.521113,0.514063,0.15] [-0.48878,0.4875,0.2]
[-0.48878,0.4875,0.2] [-0.521113,0.514063,0.15] [-0.54439,0.51875,0.2]
[-0.45,0.35,0.4] [-0.492668,0.423438,0.35] [-0.575,0.475,0.4]
[-0.575,0.475,0.4] [-0.492668,0.423438,0.35] [-0.553445,0.478125,0.35]
[-0.575,0.475,0.4] [-0.553445,0.478125,0.35] [-0.614223,0.532813,0.35]
[-0.614223,0.532813,0.35] [-0.553445,0.478125,0.35] [-0.590945,0.528125,0.3]
[-0.2,0.1,0.4] [-0.310335,0.259375,0.35] [-0.45,0.35,0.4]
[-0.45,0.35,0.4] [-0.310335,0.259375,0.35] [-0.43189,0.36875,0.35]
[-0.45,0.35,0.4] [-0.43189,0.36875,0.35] [-0.492668,0.423438,0.35]
[-0.492668,0.423438,0.35] [-0.43189,0.36875,0.35] [-0.472835,0.434375,0.3]
[-0.492668,0.423438,0.35] [-0.472835,0.434375,0.3] [-0.53189,0.48125,0.3]
[-0.53189,0.48125,0.3] [-0.472835,0.434375,0.3] [-0.510335,0.484375,0.25]
[-0.53189,0.48125,0.3] [-0.510335,0.484375,0.25] [-0.567668,0.523438,0.25]
[-0.310335,0.259375,0.35] [-0.2,0.1,0.4] [-0.29567,0.29375,0.3]
[-0.29567,0.29375,0.3] [-0.2,0.1,0.4] [-0.15512,0.3,0.2]
[-0.29567,0.29375,0.3] [-0.15512,0.3,0.2] [-0.281005,0.328125,0.25]
[-0.15512,0.3,0.2] [-0.110241,0.5,0] [-0.23701,0.43125,0.1]
[-0.23701,0.43125,0.1] [-0.110241,0.5,0] [-0.222345,0.465625,0.05]
[-0.23701,0.43125,0.1] [-0.222345,0.465625,0.05] [-0.32323,0.48125,0.05]
[-0.32323,0.48125,0.05] [-0.222345,0.465625,0.05] [-0.252505,0.5,0]
[-0.32323,0.48125,0.05] [-0.252505,0.5,0] [-0.394768,0.5,0]
[-0.110241,0.5,0] [-0.252505,0.5,0] [-0.222345,0.465625,0.05]
[-0.394768,0.5,0] [-0.5,0.5,0] [-0.474558,0.504688,0.05]
[-0.474558,0.504688,0.05] [-0.5,0.5,0] [-0.497835,0.509375,0.1]
[-0.5,0.5,0] [-0.6,0.55,0.2] [-0.497835,0.509375,0.1]
[-0.497835,0.509375,0.1] [-0.6,0.55,0.2] [-0.521113,0.514063,0.15]
[-0.6,0.55,0.2] [-0.54439,0.51875,0.2] [-0.521113,0.514063,0.15]
[-0.43189,0.36875,0.35] [-0.310335,0.259375,0.35] [-0.41378,0.3875,0.3]
[-0.41378,0.3875,0.3] [-0.310335,0.259375,0.35] [-0.29567,0.29375,0.3]
[-0.41378,0.3875,0.3] [-0.29567,0.29375,0.3] [-0.39567,0.40625,0.25]
[-0.39567,0.40625,0.25] [-0.29567,0.29375,0.3] [-0.281005,0.328125,0.25]
[-0.590945,0.528125,0.3] [-0.553445,0.478125,0.35] [-0.53189,0.48125,0.3]
[-0.53189,0.48125,0.3] [-0.553445,0.478125,0.35] [-0.492668,0.423438,0.35]
[-0.37756,0.425,0.2] [-0.26634,0.3625,0.2] [-0.35945,0.44375,0.15]
[-0.35945,0.44375,0.15] [-0.26634,0.3625,0.2] [-0.251675,0.396875,0.15]
[-0.35945,0.44375,0.15] [-0.251675,0.396875,0.15] [-0.34134,0.4625,0.1]
[-0.43317,0.45625,0.2] [-0.37756,0.425,0.2] [-0.413338,0.467188,0.15]
[-0.413338,0.467188,0.15] [-0.37756,0.425,0.2] [-0.35945,0.44375,0.15]
[-0.413338,0.467188,0.15] [-0.35945,0.44375,0.15] [-0.393505,0.478125,0.1]
[-0.393505,0.478125,0.1] [-0.35945,0.44375,0.15] [-0.34134,0.4625,0.1]
[-0.393505,0.478125,0.1] [-0.34134,0.4625,0.1] [-0.373673,0.489063,0.05]
[-0.48878,0.4875,0.2] [-0.43317,0.45625,0.2] [-0.467225,0.490625,0.15]
[-0.467225,0.490625,0.15] [-0.43317,0.45625,0.2] [-0.413338,0.467188,0.15]
[-0.467225,0.490625,0.15] [-0.413338,0.467188,0.15] [-0.44567,0.49375,0.1]
[-0.44567,0.49375,0.1] [-0.413338,0.467188,0.15] [-0.393505,0.478125,0.1]
[-0.44567,0.49375,0.1] [-0.393505,0.478125,0.1] [-0.424115,0.496875,0.05]
[-0.424115,0.496875,0.05] [-0.393505,0.478125,0.1] [-0.373673,0.489063,0.05]
[-0.590945,0.528125,0.3] [-0.53189,0.48125,0.3] [-0.567668,0.523438,0.25]
[-0.41378,0.3875,0.3] [-0.39567,0.40625,0.25] [-0.453003,0.445313,0.25]
[-0.41378,0.3875,0.3] [-0.453003,0.445313,0.25] [-0.472835,0.434375,0.3]
[-0.472835,0.434375,0.3] [-0.453003,0.445313,0.25] [-0.510335,0.484375,0.25]
[-0.41378,0.3875,0.3] [-0.472835,0.434375,0.3] [-0.43189,0.36875,0.35]
[0.2,0.1,0.4] [0.15512,0.3,0.2] [-0.2,0.1,0.4]
[-0.2,0.1,0.4] [0.15512,0.3,0.2] [-0.15512,0.3,0.2]
[-0.15512,0.3,0.2] [0.15512,0.3,0.2] [0.110241,0.5,0]
[-0.15512,0.3,0.2] [0.110241,0.5,0] [-0.110241,0.5,0]
[0.45,0.35,0.4] [0.310335,0.259375,0.35] [0.2,0.1,0.4]
[0.2,0.1,0.4] [0.310335,0.259375,0.35] [0.29567,0.29375,0.3]
[0.2,0.1,0.4] [0.29567,0.29375,0.3] [0.15512,0.3,0.2]
[0.15512,0.3,0.2] [0.29567,0.29375,0.3] [0.281005,0.328125,0.25]
[0.15512,0.3,0.2] [0.281005,0.328125,0.25] [0.26634,0.3625,0.2]
[0.26634,0.3625,0.2] [0.281005,0.328125,0.25] [0.39567,0.40625,0.25]
[0.26634,0.3625,0.2] [0.39567,0.40625,0.25] [0.37756,0.425,0.2]
[0.37756,0.425,0.2] [0.39567,0.40625,0.25] [0.453003,0.445313,0.25]
[0.37756,0.425,0.2] [0.453003,0.445313,0.25] [0.43317,0.45625,0.2]
[0.43317,0.45625,0.2] [0.453003,0.445313,0.25] [0.510335,0.484375,0.25]
[0.43317,0.45625,0.2] [0.510335,0.484375,0.25] [0.48878,0.4875,0.2]
[0.48878,0.4875,0.2] [0.510335,0.484375,0.25] [0.567668,0.523438,0.25]
[0.48878,0.4875,0.2] [0.567668,0.523438,0.25] [0.54439,0.51875,0.2]
[0.54439,0.51875,0.2] [0.567668,0.523438,0.25] [0.6,0.55,0.2]
[0.54439,0.51875,0.2] [0.6,0.55,0.2] [0.521113,0.514063,0.15]
[0.521113,0.514063,0.15] [0.6,0.55,0.2] [0.497835,0.509375,0.1]
[0.521113,0.514063,0.15] [0.497835,0.509375,0.1] [0.44567,0.49375,0.1]
[0.44567,0.49375,0.1] [0.497835,0.509375,0.1] [0.424115,0.496875,0.05]
[0.44567,0.49375,0.1] [0.424115,0.496875,0.05] [0.373673,0.489063,0.05]
[0.373673,0.489063,0.05] [0.424115,0.496875,0.05] [0.394768,0.5,0]
[0.373673,0.489063,0.05] [0.394768,0.5,0] [0.32323,0.48125,0.05]
[0.32323,0.48125,0.05] [0.394768,0.5,0] [0.252505,0.5,0]
[0.32323,0.48125,0.05] [0.252505,0.5,0] [0.222345,0.465625,0.05]
[0.222345,0.465625,0.05] [0.252505,0.5,0] [0.110241,0.5,0]
[0.222345,0.465625,0.05] [0.110241,0.5,0] [0.23701,0.43125,0.1]
[0.23701,0.43125,0.1] [0.110241,0.5,0] [0.15512,0.3,0.2]
[0.23701,0.43125,0.1] [0.15512,0.3,0.2] [0.251675,0.396875,0.15]
[0.251675,0.396875,0.15] [0.15512,0.3,0.2] [0.26634,0.3625,0.2]
[0.251675,0.396875,0.15] [0.26634,0.3625,0.2] [0.37756,0.425,0.2]
[0.575,0.475,0.4] [0.492668,0.423438,0.35] [0.45,0.35,0.4]
[0.45,0.35,0.4] [0.492668,0.423438,0.35] [0.43189,0.36875,0.35]
[0.45,0.35,0.4] [0.43189,0.36875,0.35] [0.310335,0.259375,0.35]
[0.310335,0.259375,0.35] [0.43189,0.36875,0.35] [0.29567,0.29375,0.3]
[0.7,0.6,0.4] [0.614223,0.532813,0.35] [0.575,0.475,0.4]
[0.575,0.475,0.4] [0.614223,0.532813,0.35] [0.553445,0.478125,0.35]
[0.575,0.475,0.4] [0.553445,0.478125,0.35] [0.492668,0.423438,0.35]
[0.492668,0.423438,0.35] [0.553445,0.478125,0.35] [0.472835,0.434375,0.3]
[0.492668,0.423438,0.35] [0.472835,0.434375,0.3] [0.41378,0.3875,0.3]
[0.41378,0.3875,0.3] [0.472835,0.434375,0.3] [0.39567,0.40625,0.25]
[0.41378,0.3875,0.3] [0.39567,0.40625,0.25] [0.281005,0.328125,0.25]
[0.614223,0.532813,0.35] [0.7,0.6,0.4] [0.590945,0.528125,0.3]
[0.590945,0.528125,0.3] [0.7,0.6,0.4] [0.6,0.55,0.2]
[0.590945,0.528125,0.3] [0.6,0.55,0.2] [0.567668,0.523438,0.25]
[0.6,0.55,0.2] [0.5,0.5,0] [0.497835,0.509375,0.1]
[0.497835,0.509375,0.1] [0.5,0.5,0] [0.474558,0.504688,0.05]
[0.497835,0.509375,0.1] [0.474558,0.504688,0.05] [0.424115,0.496875,0.05]
[0.424115,0.496875,0.05] [0.474558,0.504688,0.05] [0.394768,0.5,0]
[0.5,0.5,0] [0.394768,0.5,0] [0.474558,0.504688,0.05]
[0.553445,0.478125,0.35] [0.614223,0.532813,0.35] [0.53189,0.48125,0.3]
[0.53189,0.48125,0.3] [0.614223,0.532813,0.35] [0.590945,0.528125,0.3]
[0.53189,0.48125,0.3] [0.590945,0.528125,0.3] [0.510335,0.484375,0.25]
[0.510335,0.484375,0.25] [0.590945,0.528125,0.3] [0.567668,0.523438,0.25]
[0.29567,0.29375,0.3] [0.43189,0.36875,0.35] [0.41378,0.3875,0.3]
[0.41378,0.3875,0.3] [0.43189,0.36875,0.35] [0.492668,0.423438,0.35]
[0.48878,0.4875,0.2] [0.54439,0.51875,0.2] [0.467225,0.490625,0.15]
[0.467225,0.490625,0.15] [0.54439,0.51875,0.2] [0.521113,0.514063,0.15]
[0.467225,0.490625,0.15] [0.521113,0.514063,0.15] [0.44567,0.49375,0.1]
[0.43317,0.45625,0.2] [0.48878,0.4875,0.2] [0.413338,0.467188,0.15]
[0.413338,0.467188,0.15] [0.48878,0.4875,0.2] [0.467225,0.490625,0.15]
[0.413338,0.467188,0.15] [0.467225,0.490625,0.15] [0.393505,0.478125,0.1]
[0.393505,0.478125,0.1] [0.467225,0.490625,0.15] [0.44567,0.49375,0.1]
[0.393505,0.478125,0.1] [0.44567,0.49375,0.1] [0.373673,0.489063,0.05]
[0.37756,0.425,0.2] [0.43317,0.45625,0.2] [0.35945,0.44375,0.15]
[0.35945,0.44375,0.15] [0.43317,0.45625,0.2] [0.413338,0.467188,0.15]
[0.35945,0.44375,0.15] [0.413338,0.467188,0.15] [0.34134,0.4625,0.1]
[0.34134,0.4625,0.1] [0.413338,0.467188,0.15] [0.393505,0.478125,0.1]
[0.34134,0.4625,0.1] [0.393505,0.478125,0.1] [0.32323,0.48125,0.05]
[0.32323,0.48125,0.05] [0.393505,0.478125,0.1] [0.373673,0.489063,0.05]
[0.23701,0.43125,0.1] [0.251675,0.396875,0.15] [0.35945,0.44375,0.15]
[0.35945,0.44375,0.15] [0.251675,0.396875,0.15] [0.37756,0.425,0.2]
[0.23701,0.43125,0.1] [0.35945,0.44375,0.15] [0.34134,0.4625,0.1]
[0.34134,0.4625,0.1] [0.32323,0.48125,0.05] [0.222345,0.465625,0.05]
[0.23701,0.43125,0.1] [0.34134,0.4625,0.1] [0.222345,0.465625,0.05]
[0.29567,0.29375,0.3] [0.41378,0.3875,0.3] [0.281005,0.328125,0.25]
[0.53189,0.48125,0.3] [0.510335,0.484375,0.25] [0.453003,0.445313,0.25]
[0.53189,0.48125,0.3] [0.453003,0.445313,0.25] [0.472835,0.434375,0.3]
[0.472835,0.434375,0.3] [0.453003,0.445313,0.25] [0.39567,0.40625,0.25]
[0.53189,0.48125,0.3] [0.472835,0.434375,0.3] [0.553445,0.478125,0.35]
[1.3,0,0.4] [1,0,0] [0.7,0.6,0.4]
[0.7,0.6,0.4] [1,0,0] [0.6,0.55,0.2]
[0.6,0.55,0.2] [1,0,0] [0.5,0.5,0]
