[-0.050452,1.412408,4.5] [-0.085972,1.449114,4.5] [-0.050452,1.412408,5.6]
[-0.050452,1.412408,5.6] [-0.085972,1.449114,4.5] [-0.085972,1.449114,5.6]
[-0.064481,1.363294,4.5] [-0.050452,1.412408,4.5] [-0.064481,1.363294,5.6]
[-0.064481,1.363294,5.6] [-0.050452,1.412408,4.5] [-0.050452,1.412408,5.6]
[-0.114028,1.350886,4.5] [-0.064481,1.363294,4.5] [-0.114028,1.350886,5.6]
[-0.114028,1.350886,5.6] [-0.064481,1.363294,4.5] [-0.064481,1.363294,5.6]
[-0.149548,1.387592,4.5] [-0.114028,1.350886,4.5] [-0.149548,1.387592,5.6]
[-0.149548,1.387592,5.6] [-0.114028,1.350886,4.5] [-0.114028,1.350886,5.6]
[-0.135519,1.436706,4.5] [-0.149548,1.387592,4.5] [-0.135519,1.436706,5.6]
[-0.135519,1.436706,5.6] [-0.149548,1.387592,4.5] [-0.149548,1.387592,5.6]
[-0.085972,1.449114,4.5] [-0.135519,1.436706,4.5] [-0.085972,1.449114,5.6]
[-0.085972,1.449114,5.6] [-0.135519,1.436706,4.5] [-0.135519,1.436706,5.6]
[-0.085972,1.449114,5.6] [-0.135519,1.436706,5.6] [-0.050452,1.412408,5.6]
[-0.050452,1.412408,5.6] [-0.135519,1.436706,5.6] [-0.149548,1.387592,5.6]
[-0.050452,1.412408,5.6] [-0.149548,1.387592,5.6] [-0.064481,1.363294,5.6]
[-0.064481,1.363294,5.6] [-0.149548,1.387592,5.6] [-0.114028,1.350886,5.6]
[-0.097005,0.695725,4.5] [-0.097005,0.812691,4.5] [-0.097005,0.695725,5.6]
[-0.097005,0.695725,5.6] [-0.097005,0.812691,4.5] [-0.097005,0.812691,5.6]
[-0.1983,0.637243,4.5] [-0.097005,0.695725,4.5] [-0.1983,0.637243,5.6]
[-0.1983,0.637243,5.6] [-0.097005,0.695725,4.5] [-0.097005,0.695725,5.6]
[-0.299595,0.695725,4.5] [-0.1983,0.637243,4.5] [-0.299595,0.695725,5.6]
[-0.299595,0.695725,5.6] [-0.1983,0.637243,4.5] [-0.1983,0.637243,5.6]
[-0.299595,0.812691,4.5] [-0.299595,0.695725,4.5] [-0.299595,0.812691,5.6]
[-0.299595,0.812691,5.6] [-0.299595,0.695725,4.5] [-0.299595,0.695725,5.6]
[-0.1983,0.871173,4.5] [-0.299595,0.812691,4.5] [-0.1983,0.871173,5.6]
[-0.1983,0.871173,5.6] [-0.299595,0.812691,4.5] [-0.299595,0.812691,5.6]
[-0.097005,0.812691,4.5] [-0.1983,0.871173,4.5] [-0.097005,0.812691,5.6]
[-0.097005,0.812691,5.6] [-0.1983,0.871173,4.5] [-0.1983,0.871173,5.6]
[-0.097005,0.812691,5.6] [-0.1983,0.871173,5.6] [-0.097005,0.695725,5.6]
[-0.097005,0.695725,5.6] [-0.1983,0.871173,5.6] [-0.1983,0.637243,5.6]
[-0.1983,0.637243,5.6] [-0.1983,0.871173,5.6] [-0.299595,0.812691,5.6]
[-0.1983,0.637243,5.6] [-0.299595,0.812691,5.6] [-0.299595,0.695725,5.6]
[-0.1983,1.535928,4.5] [-0.203097,1.614712,4.5] [-0.1983,1.535928,5.6]
[-0.1983,1.535928,5.6] [-0.203097,1.614712,4.5] [-0.203097,1.614712,5.6]
[-0.264131,1.492382,4.5] [-0.1983,1.535928,4.5] [-0.264131,1.492382,5.6]
[-0.264131,1.492382,5.6] [-0.1983,1.535928,4.5] [-0.1983,1.535928,5.6]
[-0.334758,1.52762,4.5] [-0.264131,1.492382,4.5] [-0.334758,1.52762,5.6]
[-0.334758,1.52762,5.6] [-0.264131,1.492382,4.5] [-0.264131,1.492382,5.6]
[-0.339555,1.606403,4.5] [-0.334758,1.52762,4.5] [-0.339555,1.606403,5.6]
[-0.339555,1.606403,5.6] [-0.334758,1.52762,4.5] [-0.334758,1.52762,5.6]
[-0.273725,1.64995,4.5] [-0.339555,1.606403,4.5] [-0.273725,1.64995,5.6]
[-0.273725,1.64995,5.6] [-0.339555,1.606403,4.5] [-0.339555,1.606403,5.6]
[-0.203097,1.614712,4.5] [-0.273725,1.64995,4.5] [-0.203097,1.614712,5.6]
[-0.203097,1.614712,5.6] [-0.273725,1.64995,4.5] [-0.273725,1.64995,5.6]
[-0.1983,1.535928,5.6] [-0.203097,1.614712,5.6] [-0.264131,1.492382,5.6]
[-0.264131,1.492382,5.6] [-0.203097,1.614712,5.6] [-0.273725,1.64995,5.6]
[-0.264131,1.492382,5.6] [-0.273725,1.64995,5.6] [-0.334758,1.52762,5.6]
[-0.334758,1.52762,5.6] [-0.273725,1.64995,5.6] [-0.339555,1.606403,5.6]
[0.02982,1.569884,4.5] [-0.012713,1.646118,4.5] [0.02982,1.569884,5.6]
[0.02982,1.569884,5.6] [-0.012713,1.646118,4.5] [-0.012713,1.646118,5.6]
[-0.014933,1.494933,4.5] [0.02982,1.569884,4.5] [-0.014933,1.494933,5.6]
[-0.014933,1.494933,5.6] [0.02982,1.569884,4.5] [0.02982,1.569884,5.6]
[-0.10222,1.496214,4.5] [-0.014933,1.494933,4.5] [-0.10222,1.496214,5.6]
[-0.10222,1.496214,5.6] [-0.014933,1.494933,4.5] [-0.014933,1.494933,5.6]
[-0.144753,1.572447,4.5] [-0.10222,1.496214,4.5] [-0.144753,1.572447,5.6]
[-0.144753,1.572447,5.6] [-0.10222,1.496214,4.5] [-0.10222,1.496214,5.6]
[-0.1,1.647399,4.5] [-0.144753,1.572447,4.5] [-0.1,1.647399,5.6]
[-0.1,1.647399,5.6] [-0.144753,1.572447,4.5] [-0.144753,1.572447,5.6]
[-0.012713,1.646118,4.5] [-0.1,1.647399,4.5] [-0.012713,1.646118,5.6]
[-0.012713,1.646118,5.6] [-0.1,1.647399,4.5] [-0.1,1.647399,5.6]
[-0.1,1.647399,5.6] [-0.144753,1.572447,5.6] [-0.012713,1.646118,5.6]
[-0.012713,1.646118,5.6] [-0.144753,1.572447,5.6] [0.02982,1.569884,5.6]
[0.02982,1.569884,5.6] [-0.144753,1.572447,5.6] [-0.10222,1.496214,5.6]
[0.02982,1.569884,5.6] [-0.10222,1.496214,5.6] [-0.014933,1.494933,5.6]
[0.82851,1.189502,4.5] [0.773346,1.306044,4.5] [0.82851,1.189502,5.6]
[0.82851,1.189502,5.6] [0.773346,1.306044,4.5] [0.773346,1.306044,5.6]
[0.755164,1.083458,4.5] [0.82851,1.189502,4.5] [0.755164,1.083458,5.6]
[0.755164,1.083458,5.6] [0.82851,1.189502,4.5] [0.82851,1.189502,5.6]
[0.626654,1.093956,4.5] [0.755164,1.083458,4.5] [0.626654,1.093956,5.6]
[0.626654,1.093956,5.6] [0.755164,1.083458,4.5] [0.755164,1.083458,5.6]
[0.57149,1.210498,4.5] [0.626654,1.093956,4.5] [0.57149,1.210498,5.6]
[0.57149,1.210498,5.6] [0.626654,1.093956,4.5] [0.626654,1.093956,5.6]
[0.644836,1.316542,4.5] [0.57149,1.210498,4.5] [0.644836,1.316542,5.6]
[0.644836,1.316542,5.6] [0.57149,1.210498,4.5] [0.57149,1.210498,5.6]
[0.773346,1.306044,4.5] [0.644836,1.316542,4.5] [0.773346,1.306044,5.6]
[0.773346,1.306044,5.6] [0.644836,1.316542,4.5] [0.644836,1.316542,5.6]
[0.644836,1.316542,5.6] [0.57149,1.210498,5.6] [0.773346,1.306044,5.6]
[0.773346,1.306044,5.6] [0.57149,1.210498,5.6] [0.82851,1.189502,5.6]
[0.82851,1.189502,5.6] [0.57149,1.210498,5.6] [0.626654,1.093956,5.6]
[0.82851,1.189502,5.6] [0.626654,1.093956,5.6] [0.755164,1.083458,5.6]
[-0.104598,1.699319,4.5] [-0.152103,1.7272,4.5] [-0.104598,1.699319,5.6]
[-0.104598,1.699319,5.6] [-0.152103,1.7272,4.5] [-0.152103,1.7272,5.6]
[-0.104991,1.644239,4.5] [-0.104598,1.699319,4.5] [-0.104991,1.644239,5.6]
[-0.104991,1.644239,5.6] [-0.104598,1.699319,4.5] [-0.104598,1.699319,5.6]
[-0.152889,1.617039,4.5] [-0.104991,1.644239,4.5] [-0.152889,1.617039,5.6]
[-0.152889,1.617039,5.6] [-0.104991,1.644239,4.5] [-0.104991,1.644239,5.6]
[-0.200393,1.64492,4.5] [-0.152889,1.617039,4.5] [-0.200393,1.64492,5.6]
[-0.200393,1.64492,5.6] [-0.152889,1.617039,4.5] [-0.152889,1.617039,5.6]
[-0.2,1.7,4.5] [-0.200393,1.64492,4.5] [-0.2,1.7,5.6]
[-0.2,1.7,5.6] [-0.200393,1.64492,4.5] [-0.200393,1.64492,5.6]
[-0.152103,1.7272,4.5] [-0.2,1.7,4.5] [-0.152103,1.7272,5.6]
[-0.152103,1.7272,5.6] [-0.2,1.7,4.5] [-0.2,1.7,5.6]
[-0.2,1.7,5.6] [-0.152889,1.617039,5.6] [-0.152103,1.7272,5.6]
[-0.152103,1.7272,5.6] [-0.152889,1.617039,5.6] [-0.104991,1.644239,5.6]
[-0.152103,1.7272,5.6] [-0.104991,1.644239,5.6] [-0.104598,1.699319,5.6]
[-0.2,1.7,5.6] [-0.200393,1.64492,5.6] [-0.152889,1.617039,5.6]
[1.048429,1.954051,1.455448] [1.048429,1.954051,4.5] [0.948124,1.926266,1.460347]
[0.948124,1.926266,1.460347] [1.048429,1.954051,4.5] [0.948124,1.926266,4.5]
[1.074519,2.05481,1.437682] [1.074519,2.05481,4.5] [1.048429,1.954051,1.455448]
[1.048429,1.954051,1.455448] [1.074519,2.05481,4.5] [1.048429,1.954051,4.5]
[1.000305,2.127784,1.424814] [1.000305,2.127784,4.5] [1.074519,2.05481,1.437682]
[1.074519,2.05481,1.437682] [1.000305,2.127784,4.5] [1.074519,2.05481,4.5]
[0.873909,1.999241,1.44748] [0.948124,1.926266,1.460347] [0.873909,1.999241,4.5]
[0.873909,1.999241,4.5] [0.948124,1.926266,1.460347] [0.948124,1.926266,4.5]
[0.9,2.1,1.429713] [0.873909,1.999241,1.44748] [0.9,2.1,4.5]
[0.9,2.1,4.5] [0.873909,1.999241,1.44748] [0.873909,1.999241,4.5]
[1.000305,2.127784,1.424814] [0.9,2.1,1.429713] [1.000305,2.127784,4.5]
[1.000305,2.127784,4.5] [0.9,2.1,1.429713] [0.9,2.1,4.5]
[0.9,2.1,4.5] [0.948124,1.926266,4.5] [1.000305,2.127784,4.5]
[1.000305,2.127784,4.5] [0.948124,1.926266,4.5] [1.048429,1.954051,4.5]
[1.000305,2.127784,4.5] [1.048429,1.954051,4.5] [1.074519,2.05481,4.5]
[0.9,2.1,4.5] [0.873909,1.999241,4.5] [0.948124,1.926266,4.5]
[-0.42674,1.405852,1.55211] [-0.163289,1.274318,1.575303] [-0.42674,1.405852,4.5]
[-0.42674,1.405852,4.5] [-0.163289,1.274318,1.575303] [-0.163289,1.274318,4.5]
[0.082348,1.436706,1.54667] [0.082348,1.436706,4.5] [-0.163289,1.274318,1.575303]
[-0.163289,1.274318,1.575303] [0.082348,1.436706,4.5] [-0.163289,1.274318,4.5]
[0.064535,1.730628,1.494844] [0.064535,1.730628,4.5] [0.082348,1.436706,1.54667]
[0.082348,1.436706,1.54667] [0.064535,1.730628,4.5] [0.082348,1.436706,4.5]
[-0.444553,1.699774,1.500284] [-0.42674,1.405852,1.55211] [-0.444553,1.699774,4.5]
[-0.444553,1.699774,4.5] [-0.42674,1.405852,1.55211] [-0.42674,1.405852,4.5]
[-0.198916,1.862162,1.471651] [-0.444553,1.699774,1.500284] [-0.198916,1.862162,4.5]
[-0.198916,1.862162,4.5] [-0.444553,1.699774,1.500284] [-0.444553,1.699774,4.5]
[-0.198916,1.862162,1.471651] [-0.198916,1.862162,4.5] [0.064535,1.730628,1.494844]
[0.064535,1.730628,1.494844] [-0.198916,1.862162,4.5] [0.064535,1.730628,4.5]
[-0.050452,1.412408,4.5] [-0.014933,1.494933,4.5] [-0.085972,1.449114,4.5]
[-0.085972,1.449114,4.5] [-0.014933,1.494933,4.5] [-0.10222,1.496214,4.5]
[-0.085972,1.449114,4.5] [-0.10222,1.496214,4.5] [-0.135519,1.436706,4.5]
[-0.135519,1.436706,4.5] [-0.10222,1.496214,4.5] [-0.1983,1.535928,4.5]
[-0.135519,1.436706,4.5] [-0.1983,1.535928,4.5] [-0.264131,1.492382,4.5]
[-0.014933,1.494933,4.5] [-0.050452,1.412408,4.5] [0.082348,1.436706,4.5]
[0.082348,1.436706,4.5] [-0.050452,1.412408,4.5] [-0.064481,1.363294,4.5]
[0.082348,1.436706,4.5] [-0.064481,1.363294,4.5] [-0.163289,1.274318,4.5]
[-0.163289,1.274318,4.5] [-0.064481,1.363294,4.5] [-0.114028,1.350886,4.5]
[-0.163289,1.274318,4.5] [-0.114028,1.350886,4.5] [-0.149548,1.387592,4.5]
[-0.135519,1.436706,4.5] [-0.264131,1.492382,4.5] [-0.149548,1.387592,4.5]
[-0.149548,1.387592,4.5] [-0.264131,1.492382,4.5] [-0.42674,1.405852,4.5]
[-0.149548,1.387592,4.5] [-0.42674,1.405852,4.5] [-0.163289,1.274318,4.5]
[-0.1983,1.535928,4.5] [-0.144753,1.572447,4.5] [-0.203097,1.614712,4.5]
[-0.203097,1.614712,4.5] [-0.144753,1.572447,4.5] [-0.152889,1.617039,4.5]
[-0.203097,1.614712,4.5] [-0.152889,1.617039,4.5] [-0.200393,1.64492,4.5]
[-0.264131,1.492382,4.5] [-0.334758,1.52762,4.5] [-0.42674,1.405852,4.5]
[-0.42674,1.405852,4.5] [-0.334758,1.52762,4.5] [-0.444553,1.699774,4.5]
[-0.444553,1.699774,4.5] [-0.334758,1.52762,4.5] [-0.339555,1.606403,4.5]
[-0.444553,1.699774,4.5] [-0.339555,1.606403,4.5] [-0.273725,1.64995,4.5]
[-0.203097,1.614712,4.5] [-0.200393,1.64492,4.5] [-0.273725,1.64995,4.5]
[-0.273725,1.64995,4.5] [-0.200393,1.64492,4.5] [-0.2,1.7,4.5]
[-0.273725,1.64995,4.5] [-0.2,1.7,4.5] [-0.198916,1.862162,4.5]
[-0.198916,1.862162,4.5] [-0.2,1.7,4.5] [-0.152103,1.7272,4.5]
[-0.198916,1.862162,4.5] [-0.152103,1.7272,4.5] [-0.104598,1.699319,4.5]
[0.02982,1.569884,4.5] [0.064535,1.730628,4.5] [-0.012713,1.646118,4.5]
[-0.012713,1.646118,4.5] [0.064535,1.730628,4.5] [-0.104598,1.699319,4.5]
[-0.012713,1.646118,4.5] [-0.104598,1.699319,4.5] [-0.1,1.647399,4.5]
[-0.1,1.647399,4.5] [-0.104598,1.699319,4.5] [-0.104991,1.644239,4.5]
[-0.1,1.647399,4.5] [-0.104991,1.644239,4.5] [-0.144753,1.572447,4.5]
[-0.144753,1.572447,4.5] [-0.104991,1.644239,4.5] [-0.152889,1.617039,4.5]
[0.064535,1.730628,4.5] [0.02982,1.569884,4.5] [0.082348,1.436706,4.5]
[0.082348,1.436706,4.5] [0.02982,1.569884,4.5] [-0.014933,1.494933,4.5]
[-0.10222,1.496214,4.5] [-0.144753,1.572447,4.5] [-0.1983,1.535928,4.5]
[0.064535,1.730628,4.5] [-0.198916,1.862162,4.5] [-0.104598,1.699319,4.5]
[-0.198916,1.862162,4.5] [-0.444553,1.699774,4.5] [-0.273725,1.64995,4.5]
[1.141409,0.203662,1.764089] [1.141409,0.203662,4.5] [0.900671,0.179368,1.768373]
[0.900671,0.179368,1.768373] [1.141409,0.203662,4.5] [0.900671,0.179368,4.5]
[1.240738,0.424295,1.725185] [1.240738,0.424295,4.5] [1.141409,0.203662,1.764089]
[1.141409,0.203662,1.764089] [1.240738,0.424295,4.5] [1.141409,0.203662,4.5]
[1.099329,0.620632,1.690566] [1.099329,0.620632,4.5] [1.240738,0.424295,1.725185]
[1.240738,0.424295,1.725185] [1.099329,0.620632,4.5] [1.240738,0.424295,4.5]
[0.759262,0.375705,1.733753] [0.900671,0.179368,1.768373] [0.759262,0.375705,4.5]
[0.759262,0.375705,4.5] [0.900671,0.179368,1.768373] [0.900671,0.179368,4.5]
[0.858591,0.596338,1.69485] [0.759262,0.375705,1.733753] [0.858591,0.596338,4.5]
[0.858591,0.596338,4.5] [0.759262,0.375705,1.733753] [0.759262,0.375705,4.5]
[1.099329,0.620632,1.690566] [0.858591,0.596338,1.69485] [1.099329,0.620632,4.5]
[1.099329,0.620632,4.5] [0.858591,0.596338,1.69485] [0.858591,0.596338,4.5]
[1.099329,0.620632,4.5] [0.858591,0.596338,4.5] [1.240738,0.424295,4.5]
[1.240738,0.424295,4.5] [0.858591,0.596338,4.5] [0.759262,0.375705,4.5]
[1.240738,0.424295,4.5] [0.759262,0.375705,4.5] [1.141409,0.203662,4.5]
[1.141409,0.203662,4.5] [0.759262,0.375705,4.5] [0.900671,0.179368,4.5]
[0.530558,1.087465,1.608251] [0.741839,1.03825,1.616929] [0.530558,1.087465,4.5]
[0.530558,1.087465,4.5] [0.741839,1.03825,1.616929] [0.741839,1.03825,4.5]
[0.890101,1.196617,1.589004] [0.890101,1.196617,4.5] [0.741839,1.03825,1.616929]
[0.741839,1.03825,1.616929] [0.890101,1.196617,4.5] [0.741839,1.03825,4.5]
[0.827082,1.404199,1.552402] [0.827082,1.404199,4.5] [0.890101,1.196617,1.589004]
[0.890101,1.196617,1.589004] [0.827082,1.404199,4.5] [0.890101,1.196617,4.5]
[0.467538,1.295047,1.571648] [0.530558,1.087465,1.608251] [0.467538,1.295047,4.5]
[0.467538,1.295047,4.5] [0.530558,1.087465,1.608251] [0.530558,1.087465,4.5]
[0.6158,1.453414,1.543724] [0.467538,1.295047,1.571648] [0.6158,1.453414,4.5]
[0.6158,1.453414,4.5] [0.467538,1.295047,1.571648] [0.467538,1.295047,4.5]
[0.6158,1.453414,1.543724] [0.6158,1.453414,4.5] [0.827082,1.404199,1.552402]
[0.827082,1.404199,1.552402] [0.6158,1.453414,4.5] [0.827082,1.404199,4.5]
[0.82851,1.189502,4.5] [0.890101,1.196617,4.5] [0.773346,1.306044,4.5]
[0.773346,1.306044,4.5] [0.890101,1.196617,4.5] [0.827082,1.404199,4.5]
[0.773346,1.306044,4.5] [0.827082,1.404199,4.5] [0.6158,1.453414,4.5]
[0.82851,1.189502,4.5] [0.755164,1.083458,4.5] [0.890101,1.196617,4.5]
[0.890101,1.196617,4.5] [0.755164,1.083458,4.5] [0.741839,1.03825,4.5]
[0.741839,1.03825,4.5] [0.755164,1.083458,4.5] [0.626654,1.093956,4.5]
[0.741839,1.03825,4.5] [0.626654,1.093956,4.5] [0.530558,1.087465,4.5]
[0.530558,1.087465,4.5] [0.626654,1.093956,4.5] [0.57149,1.210498,4.5]
[0.530558,1.087465,4.5] [0.57149,1.210498,4.5] [0.467538,1.295047,4.5]
[0.467538,1.295047,4.5] [0.57149,1.210498,4.5] [0.644836,1.316542,4.5]
[0.467538,1.295047,4.5] [0.644836,1.316542,4.5] [0.6158,1.453414,4.5]
[0.6158,1.453414,4.5] [0.644836,1.316542,4.5] [0.773346,1.306044,4.5]
[0.5,2.4,1.376815] [0.5,2.4,4.5] [0.363397,2.363397,1.383269]
[0.363397,2.363397,1.383269] [0.5,2.4,4.5] [0.363397,2.363397,4.5]
[0.536603,2.536603,1.352729] [0.536603,2.536603,4.5] [0.5,2.4,1.376815]
[0.5,2.4,1.376815] [0.536603,2.536603,4.5] [0.5,2.4,4.5]
[0.436603,2.636603,1.335096] [0.436603,2.636603,4.5] [0.536603,2.536603,1.352729]
[0.536603,2.536603,1.352729] [0.436603,2.636603,4.5] [0.536603,2.536603,4.5]
[0.263397,2.463397,1.365637] [0.363397,2.363397,1.383269] [0.263397,2.463397,4.5]
[0.263397,2.463397,4.5] [0.363397,2.363397,1.383269] [0.363397,2.363397,4.5]
[0.3,2.6,1.34155] [0.263397,2.463397,1.365637] [0.3,2.6,4.5]
[0.3,2.6,4.5] [0.263397,2.463397,1.365637] [0.263397,2.463397,4.5]
[0.436603,2.636603,1.335096] [0.3,2.6,1.34155] [0.436603,2.636603,4.5]
[0.436603,2.636603,4.5] [0.3,2.6,1.34155] [0.3,2.6,4.5]
[0.436603,2.636603,4.5] [0.3,2.6,4.5] [0.536603,2.536603,4.5]
[0.536603,2.536603,4.5] [0.3,2.6,4.5] [0.263397,2.463397,4.5]
[0.536603,2.536603,4.5] [0.263397,2.463397,4.5] [0.5,2.4,4.5]
[0.5,2.4,4.5] [0.263397,2.463397,4.5] [0.363397,2.363397,4.5]
[-1.260478,0.833435,1.653043] [-1.098496,0.739914,1.669533] [-1.260478,0.833435,4.5]
[-1.260478,0.833435,4.5] [-1.098496,0.739914,1.669533] [-1.098496,0.739914,4.5]
[-0.936513,0.833435,1.653043] [-0.936513,0.833435,4.5] [-1.098496,0.739914,1.669533]
[-1.098496,0.739914,1.669533] [-0.936513,0.833435,4.5] [-1.098496,0.739914,4.5]
[-0.936513,1.020476,1.620063] [-0.936513,1.020476,4.5] [-0.936513,0.833435,1.653043]
[-0.936513,0.833435,1.653043] [-0.936513,1.020476,4.5] [-0.936513,0.833435,4.5]
[-1.260478,1.020476,1.620063] [-1.260478,0.833435,1.653043] [-1.260478,1.020476,4.5]
[-1.260478,1.020476,4.5] [-1.260478,0.833435,1.653043] [-1.260478,0.833435,4.5]
[-1.098496,1.113997,1.603572] [-1.260478,1.020476,1.620063] [-1.098496,1.113997,4.5]
[-1.098496,1.113997,4.5] [-1.260478,1.020476,1.620063] [-1.260478,1.020476,4.5]
[-1.098496,1.113997,1.603572] [-1.098496,1.113997,4.5] [-0.936513,1.020476,1.620063]
[-0.936513,1.020476,1.620063] [-1.098496,1.113997,4.5] [-0.936513,1.020476,4.5]
[-0.936513,1.020476,4.5] [-1.098496,1.113997,4.5] [-0.936513,0.833435,4.5]
[-0.936513,0.833435,4.5] [-1.098496,1.113997,4.5] [-1.098496,0.739914,4.5]
[-1.098496,0.739914,4.5] [-1.098496,1.113997,4.5] [-1.260478,1.020476,4.5]
[-1.098496,0.739914,4.5] [-1.260478,1.020476,4.5] [-1.260478,0.833435,4.5]
[-0.374674,0.654347,1.684621] [-0.163289,0.552873,1.702514] [-0.374674,0.654347,4.5]
[-0.374674,0.654347,4.5] [-0.163289,0.552873,1.702514] [-0.163289,0.552873,4.5]
[0.030282,0.6852,1.679181] [0.030282,0.6852,4.5] [-0.163289,0.552873,1.702514]
[-0.163289,0.552873,1.702514] [0.030282,0.6852,4.5] [-0.163289,0.552873,4.5]
[0.012469,0.919002,1.637955] [0.012469,0.919002,4.5] [0.030282,0.6852,1.679181]
[0.030282,0.6852,1.679181] [0.012469,0.919002,4.5] [0.030282,0.6852,4.5]
[-0.392487,0.888148,1.643396] [-0.374674,0.654347,1.684621] [-0.392487,0.888148,4.5]
[-0.392487,0.888148,4.5] [-0.374674,0.654347,1.684621] [-0.374674,0.654347,4.5]
[-0.198916,1.020476,1.620063] [-0.392487,0.888148,1.643396] [-0.198916,1.020476,4.5]
[-0.198916,1.020476,4.5] [-0.392487,0.888148,1.643396] [-0.392487,0.888148,4.5]
[-0.198916,1.020476,1.620063] [-0.198916,1.020476,4.5] [0.012469,0.919002,1.637955]
[0.012469,0.919002,1.637955] [-0.198916,1.020476,4.5] [0.012469,0.919002,4.5]
[-0.097005,0.695725,4.5] [0.030282,0.6852,4.5] [-0.097005,0.812691,4.5]
[-0.097005,0.812691,4.5] [0.030282,0.6852,4.5] [0.012469,0.919002,4.5]
[-0.097005,0.812691,4.5] [0.012469,0.919002,4.5] [-0.1983,0.871173,4.5]
[-0.1983,0.871173,4.5] [0.012469,0.919002,4.5] [-0.198916,1.020476,4.5]
[-0.1983,0.871173,4.5] [-0.198916,1.020476,4.5] [-0.392487,0.888148,4.5]
[0.030282,0.6852,4.5] [-0.097005,0.695725,4.5] [-0.163289,0.552873,4.5]
[-0.163289,0.552873,4.5] [-0.097005,0.695725,4.5] [-0.1983,0.637243,4.5]
[-0.163289,0.552873,4.5] [-0.1983,0.637243,4.5] [-0.374674,0.654347,4.5]
[-0.374674,0.654347,4.5] [-0.1983,0.637243,4.5] [-0.299595,0.695725,4.5]
[-0.374674,0.654347,4.5] [-0.299595,0.695725,4.5] [-0.299595,0.812691,4.5]
[-0.374674,0.654347,4.5] [-0.299595,0.812691,4.5] [-0.392487,0.888148,4.5]
[-0.392487,0.888148,4.5] [-0.299595,0.812691,4.5] [-0.1983,0.871173,4.5]
[-0.709721,2.104505,1.428919] [-0.539117,1.983422,1.450269] [-0.709721,2.104505,4.5]
[-0.709721,2.104505,4.5] [-0.539117,1.983422,1.450269] [-0.539117,1.983422,4.5]
[-0.348954,2.070629,1.434892] [-0.348954,2.070629,4.5] [-0.539117,1.983422,1.450269]
[-0.539117,1.983422,1.450269] [-0.348954,2.070629,4.5] [-0.539117,1.983422,4.5]
[-0.329396,2.278918,1.398165] [-0.329396,2.278918,4.5] [-0.348954,2.070629,1.434892]
[-0.348954,2.070629,1.434892] [-0.329396,2.278918,4.5] [-0.348954,2.070629,4.5]
[-0.690163,2.312794,1.392192] [-0.709721,2.104505,1.428919] [-0.690163,2.312794,4.5]
[-0.690163,2.312794,4.5] [-0.709721,2.104505,1.428919] [-0.709721,2.104505,4.5]
[-0.5,2.4,1.376815] [-0.690163,2.312794,1.392192] [-0.5,2.4,4.5]
[-0.5,2.4,4.5] [-0.690163,2.312794,1.392192] [-0.690163,2.312794,4.5]
[-0.5,2.4,1.376815] [-0.5,2.4,4.5] [-0.329396,2.278918,1.398165]
[-0.329396,2.278918,1.398165] [-0.5,2.4,4.5] [-0.329396,2.278918,4.5]
[-0.329396,2.278918,4.5] [-0.5,2.4,4.5] [-0.348954,2.070629,4.5]
[-0.348954,2.070629,4.5] [-0.5,2.4,4.5] [-0.539117,1.983422,4.5]
[-0.539117,1.983422,4.5] [-0.5,2.4,4.5] [-0.690163,2.312794,4.5]
[-0.539117,1.983422,4.5] [-0.690163,2.312794,4.5] [-0.709721,2.104505,4.5]
[2.271019,3,-1.271019] [2.271019,3,1.271019] [2.8,0,-1.8]
[2.8,0,-1.8] [2.271019,3,1.271019] [2.8,0,1.8]
[1.074519,2.05481,1.437682] [2.271019,3,1.271019] [1.000305,2.127784,1.424814]
[1.000305,2.127784,1.424814] [2.271019,3,1.271019] [0.536603,2.536603,1.352729]
[1.000305,2.127784,1.424814] [0.536603,2.536603,1.352729] [0.5,2.4,1.376815]
[1.074519,2.05481,1.437682] [1.048429,1.954051,1.455448] [2.271019,3,1.271019]
[2.271019,3,1.271019] [1.048429,1.954051,1.455448] [2.8,0,1.8]
[2.8,0,1.8] [1.048429,1.954051,1.455448] [0.890101,1.196617,1.589004]
[2.8,0,1.8] [0.890101,1.196617,1.589004] [1.099329,0.620632,1.690566]
[1.099329,0.620632,1.690566] [0.890101,1.196617,1.589004] [0.741839,1.03825,1.616929]
[1.099329,0.620632,1.690566] [0.741839,1.03825,1.616929] [0.858591,0.596338,1.69485]
[0.858591,0.596338,1.69485] [0.741839,1.03825,1.616929] [0.030282,0.6852,1.679181]
[0.858591,0.596338,1.69485] [0.030282,0.6852,1.679181] [0.759262,0.375705,1.733753]
[0.759262,0.375705,1.733753] [0.030282,0.6852,1.679181] [-0.163289,0.552873,1.702514]
[0.759262,0.375705,1.733753] [-0.163289,0.552873,1.702514] [0.900671,0.179368,1.768373]
[0.900671,0.179368,1.768373] [-0.163289,0.552873,1.702514] [-2.8,0,1.8]
[0.900671,0.179368,1.768373] [-2.8,0,1.8] [2.8,0,1.8]
[0.890101,1.196617,1.589004] [1.048429,1.954051,1.455448] [0.827082,1.404199,1.552402]
[0.827082,1.404199,1.552402] [1.048429,1.954051,1.455448] [0.948124,1.926266,1.460347]
[0.827082,1.404199,1.552402] [0.948124,1.926266,1.460347] [0.6158,1.453414,1.543724]
[0.6158,1.453414,1.543724] [0.948124,1.926266,1.460347] [0.064535,1.730628,1.494844]
[0.6158,1.453414,1.543724] [0.064535,1.730628,1.494844] [0.082348,1.436706,1.54667]
[0.948124,1.926266,1.460347] [0.873909,1.999241,1.44748] [0.064535,1.730628,1.494844]
[0.064535,1.730628,1.494844] [0.873909,1.999241,1.44748] [-0.198916,1.862162,1.471651]
[-0.198916,1.862162,1.471651] [0.873909,1.999241,1.44748] [0.363397,2.363397,1.383269]
[-0.198916,1.862162,1.471651] [0.363397,2.363397,1.383269] [-0.348954,2.070629,1.434892]
[-0.348954,2.070629,1.434892] [0.363397,2.363397,1.383269] [-0.329396,2.278918,1.398165]
[-0.329396,2.278918,1.398165] [0.363397,2.363397,1.383269] [0.263397,2.463397,1.365637]
[-0.329396,2.278918,1.398165] [0.263397,2.463397,1.365637] [-0.5,2.4,1.376815]
[-0.5,2.4,1.376815] [0.263397,2.463397,1.365637] [0.3,2.6,1.34155]
[-0.5,2.4,1.376815] [0.3,2.6,1.34155] [-2.271019,3,1.271019]
[-2.271019,3,1.271019] [0.3,2.6,1.34155] [0.436603,2.636603,1.335096]
[-2.271019,3,1.271019] [0.436603,2.636603,1.335096] [2.271019,3,1.271019]
[2.271019,3,1.271019] [0.436603,2.636603,1.335096] [0.536603,2.536603,1.352729]
[0.873909,1.999241,1.44748] [0.9,2.1,1.429713] [0.363397,2.363397,1.383269]
[0.363397,2.363397,1.383269] [0.9,2.1,1.429713] [0.5,2.4,1.376815]
[0.5,2.4,1.376815] [0.9,2.1,1.429713] [1.000305,2.127784,1.424814]
[0.6158,1.453414,1.543724] [0.082348,1.436706,1.54667] [0.467538,1.295047,1.571648]
[0.467538,1.295047,1.571648] [0.082348,1.436706,1.54667] [-0.163289,1.274318,1.575303]
[0.467538,1.295047,1.571648] [-0.163289,1.274318,1.575303] [0.530558,1.087465,1.608251]
[0.530558,1.087465,1.608251] [-0.163289,1.274318,1.575303] [-0.198916,1.020476,1.620063]
[0.530558,1.087465,1.608251] [-0.198916,1.020476,1.620063] [0.012469,0.919002,1.637955]
[-0.198916,1.020476,1.620063] [-0.163289,1.274318,1.575303] [-0.936513,1.020476,1.620063]
[-0.936513,1.020476,1.620063] [-0.163289,1.274318,1.575303] [-0.42674,1.405852,1.55211]
[-0.936513,1.020476,1.620063] [-0.42674,1.405852,1.55211] [-1.098496,1.113997,1.603572]
[-1.098496,1.113997,1.603572] [-0.42674,1.405852,1.55211] [-0.444553,1.699774,1.500284]
[-1.098496,1.113997,1.603572] [-0.444553,1.699774,1.500284] [-0.709721,2.104505,1.428919]
[-0.709721,2.104505,1.428919] [-0.444553,1.699774,1.500284] [-0.539117,1.983422,1.450269]
[-0.539117,1.983422,1.450269] [-0.444553,1.699774,1.500284] [-0.198916,1.862162,1.471651]
[-0.539117,1.983422,1.450269] [-0.198916,1.862162,1.471651] [-0.348954,2.070629,1.434892]
[1.099329,0.620632,1.690566] [1.240738,0.424295,1.725185] [2.8,0,1.8]
[2.8,0,1.8] [1.240738,0.424295,1.725185] [1.141409,0.203662,1.764089]
[2.8,0,1.8] [1.141409,0.203662,1.764089] [0.900671,0.179368,1.768373]
[0.030282,0.6852,1.679181] [0.741839,1.03825,1.616929] [0.012469,0.919002,1.637955]
[0.012469,0.919002,1.637955] [0.741839,1.03825,1.616929] [0.530558,1.087465,1.608251]
[-0.198916,1.020476,1.620063] [-0.936513,1.020476,1.620063] [-0.392487,0.888148,1.643396]
[-0.392487,0.888148,1.643396] [-0.936513,1.020476,1.620063] [-0.936513,0.833435,1.653043]
[-0.392487,0.888148,1.643396] [-0.936513,0.833435,1.653043] [-0.374674,0.654347,1.684621]
[-0.374674,0.654347,1.684621] [-0.936513,0.833435,1.653043] [-1.098496,0.739914,1.669533]
[-0.374674,0.654347,1.684621] [-1.098496,0.739914,1.669533] [-0.163289,0.552873,1.702514]
[-0.163289,0.552873,1.702514] [-1.098496,0.739914,1.669533] [-2.8,0,1.8]
[-1.098496,0.739914,1.669533] [-1.260478,0.833435,1.653043] [-2.8,0,1.8]
[-2.8,0,1.8] [-1.260478,0.833435,1.653043] [-1.260478,1.020476,1.620063]
[-2.8,0,1.8] [-1.260478,1.020476,1.620063] [-2.271019,3,1.271019]
[-2.271019,3,1.271019] [-1.260478,1.020476,1.620063] [-0.709721,2.104505,1.428919]
[-2.271019,3,1.271019] [-0.709721,2.104505,1.428919] [-0.690163,2.312794,1.392192]
[-1.260478,1.020476,1.620063] [-1.098496,1.113997,1.603572] [-0.709721,2.104505,1.428919]
[-0.690163,2.312794,1.392192] [-0.5,2.4,1.376815] [-2.271019,3,1.271019]
[-2.271019,3,1.271019] [-2.271019,3,-1.271019] [-2.8,0,1.8]
[-2.8,0,1.8] [-2.271019,3,-1.271019] [-2.8,0,-1.8]
[-2.271019,3,-1.271019] [2.271019,3,-1.271019] [-2.8,0,-1.8]
[-2.8,0,-1.8] [2.271019,3,-1.271019] [2.8,0,-1.8]
[2.271019,3,-1.271019] [-2.271019,3,-1.271019] [2.271019,3,1.271019]
[2.271019,3,1.271019] [-2.271019,3,-1.271019] [-2.271019,3,1.271019]
[2.5,-0.5,-1.5] [2.5,-0.5,1.5] [2.5,-0.2,-1.5]
[2.5,-0.2,-1.5] [2.5,-0.5,1.5] [2.5,-0.2,1.5]
[2.5,-0.5,1.5] [-2.5,-0.5,1.5] [2.5,-0.2,1.5]
[2.5,-0.2,1.5] [-2.5,-0.5,1.5] [-2.5,-0.2,1.5]
[-2.5,-0.5,1.5] [-2.5,-0.5,-1.5] [-2.5,-0.2,1.5]
[-2.5,-0.2,1.5] [-2.5,-0.5,-1.5] [-2.5,-0.2,-1.5]
[-2.5,-0.5,-1.5] [2.5,-0.5,-1.5] [-2.5,-0.2,-1.5]
[-2.5,-0.2,-1.5] [2.5,-0.5,-1.5] [2.5,-0.2,-1.5]
[2.5,-0.2,-1.5] [2.5,-0.2,1.5] [-2.5,-0.2,-1.5]
[-2.5,-0.2,-1.5] [2.5,-0.2,1.5] [-2.5,-0.2,1.5]
[3,0,2] [-3,0,2] [3,-0.5,2]
[3,-0.5,2] [-3,0,2] [-3,-0.5,2]
[3,0,-2] [3,0,2] [3,-0.5,-2]
[3,-0.5,-2] [3,0,2] [3,-0.5,2]
[-3,0,-2] [3,0,-2] [-3,-0.5,-2]
[-3,-0.5,-2] [3,0,-2] [3,-0.5,-2]
[-3,0,2] [-3,0,-2] [-3,-0.5,2]
[-3,-0.5,2] [-3,0,-2] [-3,-0.5,-2]
[2.8,0,1.8] [3,0,2] [2.8,0,-1.8]
[2.8,0,-1.8] [3,0,2] [3,0,-2]
[2.8,0,-1.8] [3,0,-2] [-3,0,-2]
[2.8,0,1.8] [-2.8,0,1.8] [3,0,2]
[3,0,2] [-2.8,0,1.8] [-3,0,2]
[-3,0,2] [-2.8,0,1.8] [-2.8,0,-1.8]
[-3,0,2] [-2.8,0,-1.8] [-3,0,-2]
[-3,0,-2] [-2.8,0,-1.8] [2.8,0,-1.8]
[2.5,-0.5,-1.5] [3,-0.5,2] [2.5,-0.5,1.5]
[2.5,-0.5,1.5] [3,-0.5,2] [-3,-0.5,2]
[2.5,-0.5,1.5] [-3,-0.5,2] [-2.5,-0.5,1.5]
[-2.5,-0.5,1.5] [-3,-0.5,2] [-3,-0.5,-2]
[-2.5,-0.5,1.5] [-3,-0.5,-2] [-2.5,-0.5,-1.5]
[-2.5,-0.5,-1.5] [-3,-0.5,-2] [2.5,-0.5,-1.5]
[2.5,-0.5,-1.5] [-3,-0.5,-2] [3,-0.5,-2]
[2.5,-0.5,-1.5] [3,-0.5,-2] [3,-0.5,2]
